1 #SUP: 1
3 #SUP: 1
6 #SUP: 5
135 #SUP: 1
138 #SUP: 3
11 #SUP: 2
140 #SUP: 1
141 #SUP: 1
14 #SUP: 1
142 #SUP: 1
15 #SUP: 1
143 #SUP: 1
144 #SUP: 1
145 #SUP: 2
146 #SUP: 1
147 #SUP: 1
20 #SUP: 1
148 #SUP: 1
22 #SUP: 1
28 #SUP: 1
157 #SUP: 1
158 #SUP: 1
167 #SUP: 2
168 #SUP: 1
42 #SUP: 1
50 #SUP: 2
51 #SUP: 1
52 #SUP: 2
53 #SUP: 1
54 #SUP: 3
55 #SUP: 1
189 #SUP: 1
190 #SUP: 1
191 #SUP: 1
64 #SUP: 2
192 #SUP: 1
65 #SUP: 3
193 #SUP: 1
66 #SUP: 2
67 #SUP: 5
68 #SUP: 3
74 #SUP: 1
202 #SUP: 1
75 #SUP: 2
203 #SUP: 1
76 #SUP: 2
204 #SUP: 1
205 #SUP: 1
206 #SUP: 1
79 #SUP: 1
207 #SUP: 1
208 #SUP: 1
209 #SUP: 1
81 #SUP: 2
210 #SUP: 1
83 #SUP: 3
211 #SUP: 1
212 #SUP: 1
214 #SUP: 1
87 #SUP: 3
215 #SUP: 1
216 #SUP: 1
89 #SUP: 3
90 #SUP: 1
220 #SUP: 1
221 #SUP: 1
95 #SUP: 1
96 #SUP: 1
97 #SUP: 1
99 #SUP: 1
100 #SUP: 1
104 #SUP: 2
118 #SUP: 2
119 #SUP: 1
122 #SUP: 4
123 #SUP: 1
125 #SUP: 1
6 50  #SUP: 1
6 67  #SUP: 1
6 83  #SUP: 1
6 119  #SUP: 1
6 122  #SUP: 1
6 140  #SUP: 1
6 146  #SUP: 1
6 147  #SUP: 1
6 148  #SUP: 1
6 193  #SUP: 1
50 67  #SUP: 1
50 83  #SUP: 1
50 119  #SUP: 1
50 122  #SUP: 1
50 140  #SUP: 1
50 193  #SUP: 1
66 95  #SUP: 1
66 143  #SUP: 1
67 119  #SUP: 1
67 140  #SUP: 1
67 193  #SUP: 1
81 87  #SUP: 1
81 142  #SUP: 1
81 167  #SUP: 1
81 168  #SUP: 1
81 220  #SUP: 1
81 221  #SUP: 1
83 87  #SUP: 1
83 122  #SUP: 3
83 146  #SUP: 1
83 147  #SUP: 1
83 148  #SUP: 1
83 157  #SUP: 1
83 158  #SUP: 1
87 122  #SUP: 1
87 142  #SUP: 1
87 157  #SUP: 1
87 158  #SUP: 1
95 143  #SUP: 1
119 140  #SUP: 1
119 193  #SUP: 1
122 146  #SUP: 1
122 147  #SUP: 1
122 148  #SUP: 1
122 157  #SUP: 1
122 158  #SUP: 1
140 193  #SUP: 1
146 147  #SUP: 1
146 148  #SUP: 1
147 148  #SUP: 1
157 158  #SUP: 1
167 168  #SUP: 1
167 220  #SUP: 1
167 221  #SUP: 1
168 220  #SUP: 1
168 221  #SUP: 1
202 205  #SUP: 1
202 206  #SUP: 1
205 206  #SUP: 1
207 208  #SUP: 1
211 214  #SUP: 1
211 215  #SUP: 1
211 216  #SUP: 1
214 215  #SUP: 1
214 216  #SUP: 1
215 216  #SUP: 1
220 221  #SUP: 1
6 50 67  #SUP: 1
6 50 119  #SUP: 1
6 50 140  #SUP: 1
6 50 193  #SUP: 1
6 67 119  #SUP: 1
6 67 140  #SUP: 1
6 67 193  #SUP: 1
6 83 122  #SUP: 1
6 83 146  #SUP: 1
6 83 147  #SUP: 1
6 83 148  #SUP: 1
6 119 140  #SUP: 1
6 119 193  #SUP: 1
6 122 146  #SUP: 1
6 122 147  #SUP: 1
6 122 148  #SUP: 1
6 140 193  #SUP: 1
6 146 147  #SUP: 1
6 146 148  #SUP: 1
6 147 148  #SUP: 1
50 67 119  #SUP: 1
50 67 140  #SUP: 1
50 67 193  #SUP: 1
50 83 122  #SUP: 1
50 119 140  #SUP: 1
50 119 193  #SUP: 1
50 140 193  #SUP: 1
66 95 143  #SUP: 1
67 119 140  #SUP: 1
67 119 193  #SUP: 1
67 140 193  #SUP: 1
81 87 142  #SUP: 1
81 167 168  #SUP: 1
81 167 220  #SUP: 1
81 167 221  #SUP: 1
81 168 220  #SUP: 1
81 168 221  #SUP: 1
81 220 221  #SUP: 1
83 87 122  #SUP: 1
83 87 157  #SUP: 1
83 87 158  #SUP: 1
83 122 146  #SUP: 1
83 122 147  #SUP: 1
83 122 148  #SUP: 1
83 122 157  #SUP: 1
83 122 158  #SUP: 1
83 146 147  #SUP: 1
83 146 148  #SUP: 1
83 147 148  #SUP: 1
83 157 158  #SUP: 1
87 122 157  #SUP: 1
87 122 158  #SUP: 1
87 157 158  #SUP: 1
119 140 193  #SUP: 1
122 146 147  #SUP: 1
122 146 148  #SUP: 1
122 147 148  #SUP: 1
122 157 158  #SUP: 1
146 147 148  #SUP: 1
167 168 220  #SUP: 1
167 168 221  #SUP: 1
167 220 221  #SUP: 1
168 220 221  #SUP: 1
202 205 206  #SUP: 1
211 214 215  #SUP: 1
211 214 216  #SUP: 1
211 215 216  #SUP: 1
214 215 216  #SUP: 1
6 50 67 119  #SUP: 1
6 50 67 140  #SUP: 1
6 50 67 193  #SUP: 1
6 50 119 140  #SUP: 1
6 50 119 193  #SUP: 1
6 50 140 193  #SUP: 1
6 67 119 140  #SUP: 1
6 67 119 193  #SUP: 1
6 67 140 193  #SUP: 1
6 83 122 146  #SUP: 1
6 83 122 147  #SUP: 1
6 83 122 148  #SUP: 1
6 83 146 147  #SUP: 1
6 83 146 148  #SUP: 1
6 83 147 148  #SUP: 1
6 119 140 193  #SUP: 1
6 122 146 147  #SUP: 1
6 122 146 148  #SUP: 1
6 122 147 148  #SUP: 1
6 146 147 148  #SUP: 1
50 67 119 140  #SUP: 1
50 67 119 193  #SUP: 1
50 67 140 193  #SUP: 1
50 119 140 193  #SUP: 1
67 119 140 193  #SUP: 1
81 167 168 220  #SUP: 1
81 167 168 221  #SUP: 1
81 167 220 221  #SUP: 1
81 168 220 221  #SUP: 1
83 87 122 157  #SUP: 1
83 87 122 158  #SUP: 1
83 87 157 158  #SUP: 1
83 122 146 147  #SUP: 1
83 122 146 148  #SUP: 1
83 122 147 148  #SUP: 1
83 122 157 158  #SUP: 1
83 146 147 148  #SUP: 1
87 122 157 158  #SUP: 1
122 146 147 148  #SUP: 1
167 168 220 221  #SUP: 1
211 214 215 216  #SUP: 1
6 50 67 119 140  #SUP: 1
6 50 67 119 193  #SUP: 1
6 50 67 140 193  #SUP: 1
6 50 119 140 193  #SUP: 1
6 67 119 140 193  #SUP: 1
6 83 122 146 147  #SUP: 1
6 83 122 146 148  #SUP: 1
6 83 122 147 148  #SUP: 1
6 83 146 147 148  #SUP: 1
6 122 146 147 148  #SUP: 1
50 67 119 140 193  #SUP: 1
81 167 168 220 221  #SUP: 1
83 87 122 157 158  #SUP: 1
83 122 146 147 148  #SUP: 1
6 50 67 119 140 193  #SUP: 1
6 83 122 146 147 148  #SUP: 1
