1  #SUP: 3
2  #SUP: 8
3  #SUP: 6
6  #SUP: 18
7  #SUP: 4
11  #SUP: 6
15  #SUP: 4
21  #SUP: 4
30  #SUP: 3
33  #SUP: 3
38  #SUP: 3
52  #SUP: 14
53  #SUP: 9
60  #SUP: 6
61  #SUP: 3
64  #SUP: 5
65  #SUP: 8
66  #SUP: 6
67  #SUP: 9
68  #SUP: 8
75  #SUP: 5
79  #SUP: 5
81  #SUP: 3
87  #SUP: 7
89  #SUP: 7
94  #SUP: 3
99  #SUP: 3
102  #SUP: 3
104  #SUP: 3
116  #SUP: 3
122  #SUP: 4
125  #SUP: 3
134  #SUP: 3
135  #SUP: 7
136  #SUP: 6
138  #SUP: 4
139  #SUP: 3
140  #SUP: 6
142  #SUP: 3
161  #SUP: 3
162  #SUP: 3
178  #SUP: 5
2 6  #SUP: 5
2 52  #SUP: 4
2 66  #SUP: 4
2 68  #SUP: 4
2 87  #SUP: 3
2 89  #SUP: 3
6 7  #SUP: 3
6 11  #SUP: 3
6 52  #SUP: 8
6 53  #SUP: 8
6 64  #SUP: 3
6 65  #SUP: 5
6 66  #SUP: 4
6 67  #SUP: 6
6 68  #SUP: 6
6 87  #SUP: 5
6 89  #SUP: 5
6 94  #SUP: 3
6 102  #SUP: 3
6 122  #SUP: 4
6 135  #SUP: 5
6 136  #SUP: 4
6 138  #SUP: 4
11 52  #SUP: 3
11 65  #SUP: 3
11 67  #SUP: 3
11 68  #SUP: 3
11 87  #SUP: 3
11 89  #SUP: 3
21 33  #SUP: 3
21 75  #SUP: 3
52 53  #SUP: 8
52 65  #SUP: 4
52 66  #SUP: 4
52 67  #SUP: 6
52 68  #SUP: 4
52 87  #SUP: 3
52 89  #SUP: 5
52 135  #SUP: 3
52 136  #SUP: 5
52 139  #SUP: 3
52 142  #SUP: 3
53 65  #SUP: 3
53 66  #SUP: 3
53 67  #SUP: 4
53 68  #SUP: 3
53 89  #SUP: 3
53 135  #SUP: 3
53 136  #SUP: 4
64 68  #SUP: 3
64 135  #SUP: 3
65 66  #SUP: 4
65 67  #SUP: 5
65 68  #SUP: 5
65 75  #SUP: 3
65 87  #SUP: 4
65 89  #SUP: 5
65 94  #SUP: 3
65 122  #SUP: 3
65 138  #SUP: 3
65 140  #SUP: 3
66 67  #SUP: 3
66 68  #SUP: 6
66 87  #SUP: 3
66 89  #SUP: 4
67 68  #SUP: 4
67 75  #SUP: 3
67 79  #SUP: 3
67 87  #SUP: 3
67 89  #SUP: 4
67 135  #SUP: 3
67 136  #SUP: 4
67 138  #SUP: 4
67 139  #SUP: 3
68 87  #SUP: 5
68 89  #SUP: 5
68 122  #SUP: 3
75 140  #SUP: 3
87 89  #SUP: 3
87 122  #SUP: 4
89 138  #SUP: 3
135 136  #SUP: 3
135 138  #SUP: 3
2 6 52  #SUP: 3
2 6 66  #SUP: 3
2 6 68  #SUP: 3
2 52 66  #SUP: 3
2 52 68  #SUP: 3
2 52 87  #SUP: 3
2 66 68  #SUP: 4
2 66 87  #SUP: 3
2 66 89  #SUP: 3
2 68 87  #SUP: 3
2 68 89  #SUP: 3
6 52 53  #SUP: 7
6 52 65  #SUP: 3
6 52 66  #SUP: 3
6 52 67  #SUP: 4
6 52 68  #SUP: 3
6 52 89  #SUP: 3
6 52 135  #SUP: 3
6 52 136  #SUP: 4
6 53 65  #SUP: 3
6 53 66  #SUP: 3
6 53 67  #SUP: 4
6 53 68  #SUP: 3
6 53 89  #SUP: 3
6 53 135  #SUP: 3
6 53 136  #SUP: 4
6 65 67  #SUP: 3
6 65 68  #SUP: 3
6 65 87  #SUP: 3
6 65 89  #SUP: 4
6 65 94  #SUP: 3
6 65 122  #SUP: 3
6 65 138  #SUP: 3
6 66 68  #SUP: 4
6 66 89  #SUP: 3
6 67 89  #SUP: 3
6 67 135  #SUP: 3
6 67 136  #SUP: 3
6 67 138  #SUP: 4
6 68 87  #SUP: 4
6 68 89  #SUP: 4
6 68 122  #SUP: 3
6 87 122  #SUP: 4
6 89 138  #SUP: 3
6 135 136  #SUP: 3
6 135 138  #SUP: 3
11 65 67  #SUP: 3
11 65 89  #SUP: 3
11 67 89  #SUP: 3
11 68 87  #SUP: 3
52 53 65  #SUP: 3
52 53 66  #SUP: 3
52 53 67  #SUP: 4
52 53 68  #SUP: 3
52 53 89  #SUP: 3
52 53 135  #SUP: 3
52 53 136  #SUP: 4
52 65 66  #SUP: 3
52 65 67  #SUP: 3
52 65 68  #SUP: 3
52 65 89  #SUP: 4
52 66 68  #SUP: 4
52 66 87  #SUP: 3
52 66 89  #SUP: 3
52 67 89  #SUP: 3
52 67 136  #SUP: 4
52 67 139  #SUP: 3
52 68 87  #SUP: 3
52 68 89  #SUP: 3
52 135 136  #SUP: 3
53 65 89  #SUP: 3
53 66 68  #SUP: 3
53 67 136  #SUP: 3
53 135 136  #SUP: 3
65 66 67  #SUP: 3
65 66 68  #SUP: 4
65 66 89  #SUP: 3
65 67 68  #SUP: 4
65 67 87  #SUP: 3
65 67 89  #SUP: 4
65 67 138  #SUP: 3
65 68 87  #SUP: 3
65 68 89  #SUP: 4
65 87 89  #SUP: 3
65 87 122  #SUP: 3
65 89 138  #SUP: 3
66 67 68  #SUP: 3
66 68 87  #SUP: 3
66 68 89  #SUP: 4
67 68 87  #SUP: 3
67 68 89  #SUP: 3
67 87 89  #SUP: 3
67 89 138  #SUP: 3
67 135 138  #SUP: 3
68 87 89  #SUP: 3
68 87 122  #SUP: 3
2 6 66 68  #SUP: 3
2 52 66 68  #SUP: 3
2 52 66 87  #SUP: 3
2 52 68 87  #SUP: 3
2 66 68 87  #SUP: 3
2 66 68 89  #SUP: 3
6 52 53 65  #SUP: 3
6 52 53 66  #SUP: 3
6 52 53 67  #SUP: 4
6 52 53 68  #SUP: 3
6 52 53 89  #SUP: 3
6 52 53 135  #SUP: 3
6 52 53 136  #SUP: 4
6 52 65 89  #SUP: 3
6 52 66 68  #SUP: 3
6 52 67 136  #SUP: 3
6 52 135 136  #SUP: 3
6 53 65 89  #SUP: 3
6 53 66 68  #SUP: 3
6 53 67 136  #SUP: 3
6 53 135 136  #SUP: 3
6 65 67 89  #SUP: 3
6 65 67 138  #SUP: 3
6 65 68 89  #SUP: 3
6 65 87 122  #SUP: 3
6 65 89 138  #SUP: 3
6 66 68 89  #SUP: 3
6 67 89 138  #SUP: 3
6 67 135 138  #SUP: 3
6 68 87 122  #SUP: 3
11 65 67 89  #SUP: 3
52 53 65 89  #SUP: 3
52 53 66 68  #SUP: 3
52 53 67 136  #SUP: 3
52 53 135 136  #SUP: 3
52 65 66 68  #SUP: 3
52 65 66 89  #SUP: 3
52 65 67 89  #SUP: 3
52 65 68 89  #SUP: 3
52 66 68 87  #SUP: 3
52 66 68 89  #SUP: 3
65 66 67 68  #SUP: 3
65 66 68 89  #SUP: 3
65 67 68 87  #SUP: 3
65 67 68 89  #SUP: 3
65 67 87 89  #SUP: 3
65 67 89 138  #SUP: 3
65 68 87 89  #SUP: 3
67 68 87 89  #SUP: 3
2 52 66 68 87  #SUP: 3
6 52 53 65 89  #SUP: 3
6 52 53 66 68  #SUP: 3
6 52 53 67 136  #SUP: 3
6 52 53 135 136  #SUP: 3
6 65 67 89 138  #SUP: 3
52 65 66 68 89  #SUP: 3
65 67 68 87 89  #SUP: 3
