3  #SUP: 2
6  #SUP: 16
11  #SUP: 3
15  #SUP: 5
20  #SUP: 3
21  #SUP: 2
44  #SUP: 2
46  #SUP: 4
47  #SUP: 2
50  #SUP: 5
51  #SUP: 5
52  #SUP: 10
53  #SUP: 7
54  #SUP: 7
55  #SUP: 2
57  #SUP: 2
64  #SUP: 5
65  #SUP: 6
66  #SUP: 4
67  #SUP: 7
68  #SUP: 6
74  #SUP: 2
75  #SUP: 3
76  #SUP: 3
79  #SUP: 2
80  #SUP: 2
81  #SUP: 7
83  #SUP: 4
85  #SUP: 2
87  #SUP: 6
89  #SUP: 4
90  #SUP: 2
95  #SUP: 2
96  #SUP: 2
97  #SUP: 4
99  #SUP: 2
100  #SUP: 3
101  #SUP: 2
102  #SUP: 3
104  #SUP: 2
106  #SUP: 2
118  #SUP: 3
119  #SUP: 2
122  #SUP: 5
123  #SUP: 2
125  #SUP: 2
138  #SUP: 3
145  #SUP: 2
157  #SUP: 3
167  #SUP: 2
178  #SUP: 3
6 11  #SUP: 3
6 15  #SUP: 3
6 20  #SUP: 3
6 46  #SUP: 3
6 47  #SUP: 2
6 50  #SUP: 4
6 51  #SUP: 5
6 52  #SUP: 9
6 53  #SUP: 7
6 54  #SUP: 5
6 57  #SUP: 2
6 64  #SUP: 4
6 65  #SUP: 3
6 66  #SUP: 2
6 67  #SUP: 4
6 68  #SUP: 4
6 81  #SUP: 5
6 83  #SUP: 3
6 85  #SUP: 2
6 87  #SUP: 4
6 89  #SUP: 3
6 97  #SUP: 2
6 99  #SUP: 2
6 100  #SUP: 2
6 101  #SUP: 2
6 102  #SUP: 3
6 106  #SUP: 2
6 118  #SUP: 2
6 119  #SUP: 2
6 122  #SUP: 3
6 138  #SUP: 3
6 145  #SUP: 2
11 20  #SUP: 2
11 54  #SUP: 3
11 64  #SUP: 2
11 67  #SUP: 2
11 68  #SUP: 2
11 83  #SUP: 2
11 87  #SUP: 2
11 89  #SUP: 2
11 122  #SUP: 2
11 138  #SUP: 2
15 46  #SUP: 3
15 50  #SUP: 2
15 51  #SUP: 2
15 52  #SUP: 2
15 97  #SUP: 2
15 125  #SUP: 2
20 54  #SUP: 2
44 46  #SUP: 2
46 50  #SUP: 3
46 51  #SUP: 3
46 52  #SUP: 3
46 54  #SUP: 2
46 97  #SUP: 2
47 52  #SUP: 2
47 53  #SUP: 2
50 51  #SUP: 3
50 52  #SUP: 4
50 53  #SUP: 2
50 54  #SUP: 2
50 67  #SUP: 2
50 119  #SUP: 2
50 122  #SUP: 2
51 52  #SUP: 4
51 54  #SUP: 3
51 65  #SUP: 2
51 67  #SUP: 2
51 68  #SUP: 2
51 81  #SUP: 2
51 85  #SUP: 2
51 97  #SUP: 2
52 53  #SUP: 6
52 54  #SUP: 3
52 65  #SUP: 2
52 67  #SUP: 2
52 68  #SUP: 2
52 81  #SUP: 4
52 85  #SUP: 2
52 87  #SUP: 2
52 101  #SUP: 2
52 102  #SUP: 2
52 119  #SUP: 2
53 81  #SUP: 2
53 102  #SUP: 3
53 106  #SUP: 2
54 64  #SUP: 4
54 65  #SUP: 4
54 66  #SUP: 2
54 67  #SUP: 4
54 68  #SUP: 4
54 74  #SUP: 2
54 75  #SUP: 2
54 76  #SUP: 2
54 79  #SUP: 2
54 81  #SUP: 3
54 83  #SUP: 3
54 87  #SUP: 3
54 89  #SUP: 2
54 118  #SUP: 2
54 122  #SUP: 3
54 138  #SUP: 2
64 65  #SUP: 3
64 66  #SUP: 2
64 67  #SUP: 2
64 68  #SUP: 4
64 74  #SUP: 2
64 79  #SUP: 2
64 81  #SUP: 2
64 83  #SUP: 3
64 87  #SUP: 2
64 89  #SUP: 2
64 122  #SUP: 2
64 138  #SUP: 2
65 66  #SUP: 2
65 67  #SUP: 4
65 68  #SUP: 5
65 75  #SUP: 2
65 76  #SUP: 3
65 81  #SUP: 3
65 83  #SUP: 2
65 85  #SUP: 2
65 87  #SUP: 3
65 89  #SUP: 3
65 118  #SUP: 3
65 122  #SUP: 3
65 123  #SUP: 2
66 68  #SUP: 3
66 74  #SUP: 2
66 79  #SUP: 2
66 87  #SUP: 2
66 89  #SUP: 2
66 122  #SUP: 2
67 68  #SUP: 3
67 75  #SUP: 3
67 76  #SUP: 3
67 81  #SUP: 3
67 87  #SUP: 2
67 89  #SUP: 2
67 118  #SUP: 2
67 122  #SUP: 2
67 138  #SUP: 2
68 74  #SUP: 2
68 76  #SUP: 2
68 79  #SUP: 2
68 81  #SUP: 2
68 83  #SUP: 3
68 85  #SUP: 2
68 87  #SUP: 3
68 89  #SUP: 4
68 118  #SUP: 2
68 122  #SUP: 3
68 123  #SUP: 2
68 138  #SUP: 2
74 79  #SUP: 2
75 76  #SUP: 2
76 81  #SUP: 2
81 87  #SUP: 2
81 90  #SUP: 2
81 101  #SUP: 2
83 87  #SUP: 2
83 89  #SUP: 2
83 122  #SUP: 3
83 138  #SUP: 2
87 89  #SUP: 3
87 97  #SUP: 2
87 99  #SUP: 2
87 118  #SUP: 3
87 122  #SUP: 4
87 138  #SUP: 2
89 118  #SUP: 2
89 122  #SUP: 3
89 123  #SUP: 2
89 138  #SUP: 2
102 106  #SUP: 2
118 122  #SUP: 3
122 138  #SUP: 2
6 11 20  #SUP: 2
6 11 54  #SUP: 3
6 11 64  #SUP: 2
6 11 67  #SUP: 2
6 11 68  #SUP: 2
6 11 83  #SUP: 2
6 11 87  #SUP: 2
6 11 89  #SUP: 2
6 11 122  #SUP: 2
6 11 138  #SUP: 2
6 15 46  #SUP: 2
6 15 50  #SUP: 2
6 15 51  #SUP: 2
6 15 52  #SUP: 2
6 20 54  #SUP: 2
6 46 50  #SUP: 3
6 46 51  #SUP: 3
6 46 52  #SUP: 3
6 46 54  #SUP: 2
6 47 52  #SUP: 2
6 47 53  #SUP: 2
6 50 51  #SUP: 3
6 50 52  #SUP: 4
6 50 53  #SUP: 2
6 50 54  #SUP: 2
6 50 67  #SUP: 2
6 50 119  #SUP: 2
6 51 52  #SUP: 4
6 51 54  #SUP: 3
6 51 65  #SUP: 2
6 51 67  #SUP: 2
6 51 68  #SUP: 2
6 51 81  #SUP: 2
6 51 85  #SUP: 2
6 51 97  #SUP: 2
6 52 53  #SUP: 6
6 52 54  #SUP: 3
6 52 65  #SUP: 2
6 52 67  #SUP: 2
6 52 68  #SUP: 2
6 52 81  #SUP: 4
6 52 85  #SUP: 2
6 52 87  #SUP: 2
6 52 101  #SUP: 2
6 52 102  #SUP: 2
6 52 119  #SUP: 2
6 53 81  #SUP: 2
6 53 102  #SUP: 3
6 53 106  #SUP: 2
6 54 64  #SUP: 3
6 54 65  #SUP: 2
6 54 67  #SUP: 2
6 54 68  #SUP: 3
6 54 81  #SUP: 2
6 54 83  #SUP: 3
6 54 87  #SUP: 2
6 54 89  #SUP: 2
6 54 122  #SUP: 2
6 54 138  #SUP: 2
6 64 65  #SUP: 2
6 64 68  #SUP: 3
6 64 81  #SUP: 2
6 64 83  #SUP: 3
6 64 87  #SUP: 2
6 64 89  #SUP: 2
6 64 122  #SUP: 2
6 64 138  #SUP: 2
6 65 68  #SUP: 3
6 65 83  #SUP: 2
6 65 85  #SUP: 2
6 65 87  #SUP: 2
6 65 89  #SUP: 2
6 65 118  #SUP: 2
6 65 122  #SUP: 2
6 66 68  #SUP: 2
6 66 87  #SUP: 2
6 66 89  #SUP: 2
6 66 122  #SUP: 2
6 67 138  #SUP: 2
6 68 83  #SUP: 3
6 68 85  #SUP: 2
6 68 87  #SUP: 3
6 68 89  #SUP: 3
6 68 118  #SUP: 2
6 68 122  #SUP: 3
6 68 138  #SUP: 2
6 81 101  #SUP: 2
6 83 87  #SUP: 2
6 83 89  #SUP: 2
6 83 122  #SUP: 2
6 83 138  #SUP: 2
6 87 89  #SUP: 3
6 87 99  #SUP: 2
6 87 118  #SUP: 2
6 87 122  #SUP: 3
6 87 138  #SUP: 2
6 89 118  #SUP: 2
6 89 122  #SUP: 3
6 89 138  #SUP: 2
6 102 106  #SUP: 2
6 118 122  #SUP: 2
6 122 138  #SUP: 2
11 20 54  #SUP: 2
11 54 64  #SUP: 2
11 54 67  #SUP: 2
11 54 68  #SUP: 2
11 54 83  #SUP: 2
11 54 87  #SUP: 2
11 54 89  #SUP: 2
11 54 122  #SUP: 2
11 54 138  #SUP: 2
11 64 68  #SUP: 2
11 64 83  #SUP: 2
11 64 87  #SUP: 2
11 64 89  #SUP: 2
11 64 122  #SUP: 2
11 64 138  #SUP: 2
11 68 83  #SUP: 2
11 68 87  #SUP: 2
11 68 89  #SUP: 2
11 68 122  #SUP: 2
11 68 138  #SUP: 2
11 83 87  #SUP: 2
11 83 89  #SUP: 2
11 83 122  #SUP: 2
11 83 138  #SUP: 2
11 87 89  #SUP: 2
11 87 122  #SUP: 2
11 87 138  #SUP: 2
11 89 122  #SUP: 2
11 89 138  #SUP: 2
11 122 138  #SUP: 2
15 46 50  #SUP: 2
15 46 51  #SUP: 2
15 46 52  #SUP: 2
15 46 97  #SUP: 2
15 50 51  #SUP: 2
15 50 52  #SUP: 2
15 51 52  #SUP: 2
46 50 51  #SUP: 3
46 50 52  #SUP: 3
46 50 54  #SUP: 2
46 51 52  #SUP: 3
46 51 54  #SUP: 2
46 52 54  #SUP: 2
47 52 53  #SUP: 2
50 51 52  #SUP: 3
50 51 54  #SUP: 2
50 52 53  #SUP: 2
50 52 54  #SUP: 2
50 52 67  #SUP: 2
50 52 119  #SUP: 2
51 52 54  #SUP: 3
51 52 65  #SUP: 2
51 52 68  #SUP: 2
51 52 81  #SUP: 2
51 52 85  #SUP: 2
51 54 81  #SUP: 2
51 65 68  #SUP: 2
51 65 85  #SUP: 2
51 68 85  #SUP: 2
52 53 81  #SUP: 2
52 53 102  #SUP: 2
52 54 81  #SUP: 2
52 65 68  #SUP: 2
52 65 85  #SUP: 2
52 68 85  #SUP: 2
52 81 101  #SUP: 2
53 102 106  #SUP: 2
54 64 65  #SUP: 3
54 64 66  #SUP: 2
54 64 67  #SUP: 2
54 64 68  #SUP: 4
54 64 74  #SUP: 2
54 64 79  #SUP: 2
54 64 83  #SUP: 3
54 64 87  #SUP: 2
54 64 89  #SUP: 2
54 64 122  #SUP: 2
54 64 138  #SUP: 2
54 65 67  #SUP: 3
54 65 68  #SUP: 3
54 65 75  #SUP: 2
54 65 76  #SUP: 2
54 65 81  #SUP: 2
54 65 83  #SUP: 2
54 65 87  #SUP: 2
54 65 118  #SUP: 2
54 65 122  #SUP: 2
54 66 68  #SUP: 2
54 66 74  #SUP: 2
54 66 79  #SUP: 2
54 67 68  #SUP: 2
54 67 75  #SUP: 2
54 67 76  #SUP: 2
54 67 81  #SUP: 2
54 67 87  #SUP: 2
54 67 118  #SUP: 2
54 67 122  #SUP: 2
54 68 74  #SUP: 2
54 68 79  #SUP: 2
54 68 83  #SUP: 3
54 68 87  #SUP: 2
54 68 89  #SUP: 2
54 68 122  #SUP: 2
54 68 138  #SUP: 2
54 74 79  #SUP: 2
54 75 76  #SUP: 2
54 83 87  #SUP: 2
54 83 89  #SUP: 2
54 83 122  #SUP: 2
54 83 138  #SUP: 2
54 87 89  #SUP: 2
54 87 118  #SUP: 2
54 87 122  #SUP: 3
54 87 138  #SUP: 2
54 89 122  #SUP: 2
54 89 138  #SUP: 2
54 118 122  #SUP: 2
54 122 138  #SUP: 2
64 65 67  #SUP: 2
64 65 68  #SUP: 3
64 65 83  #SUP: 2
64 66 68  #SUP: 2
64 66 74  #SUP: 2
64 66 79  #SUP: 2
64 67 68  #SUP: 2
64 68 74  #SUP: 2
64 68 79  #SUP: 2
64 68 83  #SUP: 3
64 68 87  #SUP: 2
64 68 89  #SUP: 2
64 68 122  #SUP: 2
64 68 138  #SUP: 2
64 74 79  #SUP: 2
64 83 87  #SUP: 2
64 83 89  #SUP: 2
64 83 122  #SUP: 2
64 83 138  #SUP: 2
64 87 89  #SUP: 2
64 87 122  #SUP: 2
64 87 138  #SUP: 2
64 89 122  #SUP: 2
64 89 138  #SUP: 2
64 122 138  #SUP: 2
65 66 68  #SUP: 2
65 67 68  #SUP: 3
65 67 75  #SUP: 2
65 67 76  #SUP: 3
65 67 81  #SUP: 2
65 67 87  #SUP: 2
65 67 89  #SUP: 2
65 67 118  #SUP: 2
65 67 122  #SUP: 2
65 68 76  #SUP: 2
65 68 81  #SUP: 2
65 68 83  #SUP: 2
65 68 85  #SUP: 2
65 68 87  #SUP: 2
65 68 89  #SUP: 3
65 68 118  #SUP: 2
65 68 122  #SUP: 2
65 68 123  #SUP: 2
65 75 76  #SUP: 2
65 76 81  #SUP: 2
65 87 89  #SUP: 2
65 87 118  #SUP: 3
65 87 122  #SUP: 3
65 89 118  #SUP: 2
65 89 122  #SUP: 2
65 89 123  #SUP: 2
65 118 122  #SUP: 3
66 68 74  #SUP: 2
66 68 79  #SUP: 2
66 68 87  #SUP: 2
66 68 89  #SUP: 2
66 68 122  #SUP: 2
66 74 79  #SUP: 2
66 87 89  #SUP: 2
66 87 122  #SUP: 2
66 89 122  #SUP: 2
67 68 76  #SUP: 2
67 68 89  #SUP: 2
67 75 76  #SUP: 2
67 76 81  #SUP: 2
67 87 118  #SUP: 2
67 87 122  #SUP: 2
67 118 122  #SUP: 2
68 74 79  #SUP: 2
68 83 87  #SUP: 2
68 83 89  #SUP: 2
68 83 122  #SUP: 2
68 83 138  #SUP: 2
68 87 89  #SUP: 3
68 87 118  #SUP: 2
68 87 122  #SUP: 3
68 87 138  #SUP: 2
68 89 118  #SUP: 2
68 89 122  #SUP: 3
68 89 123  #SUP: 2
68 89 138  #SUP: 2
68 118 122  #SUP: 2
68 122 138  #SUP: 2
83 87 89  #SUP: 2
83 87 122  #SUP: 2
83 87 138  #SUP: 2
83 89 122  #SUP: 2
83 89 138  #SUP: 2
83 122 138  #SUP: 2
87 89 118  #SUP: 2
87 89 122  #SUP: 3
87 89 138  #SUP: 2
87 118 122  #SUP: 3
87 122 138  #SUP: 2
89 118 122  #SUP: 2
89 122 138  #SUP: 2
6 11 20 54  #SUP: 2
6 11 54 64  #SUP: 2
6 11 54 67  #SUP: 2
6 11 54 68  #SUP: 2
6 11 54 83  #SUP: 2
6 11 54 87  #SUP: 2
6 11 54 89  #SUP: 2
6 11 54 122  #SUP: 2
6 11 54 138  #SUP: 2
6 11 64 68  #SUP: 2
6 11 64 83  #SUP: 2
6 11 64 87  #SUP: 2
6 11 64 89  #SUP: 2
6 11 64 122  #SUP: 2
6 11 64 138  #SUP: 2
6 11 68 83  #SUP: 2
6 11 68 87  #SUP: 2
6 11 68 89  #SUP: 2
6 11 68 122  #SUP: 2
6 11 68 138  #SUP: 2
6 11 83 87  #SUP: 2
6 11 83 89  #SUP: 2
6 11 83 122  #SUP: 2
6 11 83 138  #SUP: 2
6 11 87 89  #SUP: 2
6 11 87 122  #SUP: 2
6 11 87 138  #SUP: 2
6 11 89 122  #SUP: 2
6 11 89 138  #SUP: 2
6 11 122 138  #SUP: 2
6 15 46 50  #SUP: 2
6 15 46 51  #SUP: 2
6 15 46 52  #SUP: 2
6 15 50 51  #SUP: 2
6 15 50 52  #SUP: 2
6 15 51 52  #SUP: 2
6 46 50 51  #SUP: 3
6 46 50 52  #SUP: 3
6 46 50 54  #SUP: 2
6 46 51 52  #SUP: 3
6 46 51 54  #SUP: 2
6 46 52 54  #SUP: 2
6 47 52 53  #SUP: 2
6 50 51 52  #SUP: 3
6 50 51 54  #SUP: 2
6 50 52 53  #SUP: 2
6 50 52 54  #SUP: 2
6 50 52 67  #SUP: 2
6 50 52 119  #SUP: 2
6 51 52 54  #SUP: 3
6 51 52 65  #SUP: 2
6 51 52 68  #SUP: 2
6 51 52 81  #SUP: 2
6 51 52 85  #SUP: 2
6 51 54 81  #SUP: 2
6 51 65 68  #SUP: 2
6 51 65 85  #SUP: 2
6 51 68 85  #SUP: 2
6 52 53 81  #SUP: 2
6 52 53 102  #SUP: 2
6 52 54 81  #SUP: 2
6 52 65 68  #SUP: 2
6 52 65 85  #SUP: 2
6 52 68 85  #SUP: 2
6 52 81 101  #SUP: 2
6 53 102 106  #SUP: 2
6 54 64 65  #SUP: 2
6 54 64 68  #SUP: 3
6 54 64 83  #SUP: 3
6 54 64 87  #SUP: 2
6 54 64 89  #SUP: 2
6 54 64 122  #SUP: 2
6 54 64 138  #SUP: 2
6 54 65 68  #SUP: 2
6 54 65 83  #SUP: 2
6 54 68 83  #SUP: 3
6 54 68 87  #SUP: 2
6 54 68 89  #SUP: 2
6 54 68 122  #SUP: 2
6 54 68 138  #SUP: 2
6 54 83 87  #SUP: 2
6 54 83 89  #SUP: 2
6 54 83 122  #SUP: 2
6 54 83 138  #SUP: 2
6 54 87 89  #SUP: 2
6 54 87 122  #SUP: 2
6 54 87 138  #SUP: 2
6 54 89 122  #SUP: 2
6 54 89 138  #SUP: 2
6 54 122 138  #SUP: 2
6 64 65 68  #SUP: 2
6 64 65 83  #SUP: 2
6 64 68 83  #SUP: 3
6 64 68 87  #SUP: 2
6 64 68 89  #SUP: 2
6 64 68 122  #SUP: 2
6 64 68 138  #SUP: 2
6 64 83 87  #SUP: 2
6 64 83 89  #SUP: 2
6 64 83 122  #SUP: 2
6 64 83 138  #SUP: 2
6 64 87 89  #SUP: 2
6 64 87 122  #SUP: 2
6 64 87 138  #SUP: 2
6 64 89 122  #SUP: 2
6 64 89 138  #SUP: 2
6 64 122 138  #SUP: 2
6 65 68 83  #SUP: 2
6 65 68 85  #SUP: 2
6 65 68 87  #SUP: 2
6 65 68 89  #SUP: 2
6 65 68 118  #SUP: 2
6 65 68 122  #SUP: 2
6 65 87 89  #SUP: 2
6 65 87 118  #SUP: 2
6 65 87 122  #SUP: 2
6 65 89 118  #SUP: 2
6 65 89 122  #SUP: 2
6 65 118 122  #SUP: 2
6 66 68 87  #SUP: 2
6 66 68 89  #SUP: 2
6 66 68 122  #SUP: 2
6 66 87 89  #SUP: 2
6 66 87 122  #SUP: 2
6 66 89 122  #SUP: 2
6 68 83 87  #SUP: 2
6 68 83 89  #SUP: 2
6 68 83 122  #SUP: 2
6 68 83 138  #SUP: 2
6 68 87 89  #SUP: 3
6 68 87 118  #SUP: 2
6 68 87 122  #SUP: 3
6 68 87 138  #SUP: 2
6 68 89 118  #SUP: 2
6 68 89 122  #SUP: 3
6 68 89 138  #SUP: 2
6 68 118 122  #SUP: 2
6 68 122 138  #SUP: 2
6 83 87 89  #SUP: 2
6 83 87 122  #SUP: 2
6 83 87 138  #SUP: 2
6 83 89 122  #SUP: 2
6 83 89 138  #SUP: 2
6 83 122 138  #SUP: 2
6 87 89 118  #SUP: 2
6 87 89 122  #SUP: 3
6 87 89 138  #SUP: 2
6 87 118 122  #SUP: 2
6 87 122 138  #SUP: 2
6 89 118 122  #SUP: 2
6 89 122 138  #SUP: 2
11 54 64 68  #SUP: 2
11 54 64 83  #SUP: 2
11 54 64 87  #SUP: 2
11 54 64 89  #SUP: 2
11 54 64 122  #SUP: 2
11 54 64 138  #SUP: 2
11 54 68 83  #SUP: 2
11 54 68 87  #SUP: 2
11 54 68 89  #SUP: 2
11 54 68 122  #SUP: 2
11 54 68 138  #SUP: 2
11 54 83 87  #SUP: 2
11 54 83 89  #SUP: 2
11 54 83 122  #SUP: 2
11 54 83 138  #SUP: 2
11 54 87 89  #SUP: 2
11 54 87 122  #SUP: 2
11 54 87 138  #SUP: 2
11 54 89 122  #SUP: 2
11 54 89 138  #SUP: 2
11 54 122 138  #SUP: 2
11 64 68 83  #SUP: 2
11 64 68 87  #SUP: 2
11 64 68 89  #SUP: 2
11 64 68 122  #SUP: 2
11 64 68 138  #SUP: 2
11 64 83 87  #SUP: 2
11 64 83 89  #SUP: 2
11 64 83 122  #SUP: 2
11 64 83 138  #SUP: 2
11 64 87 89  #SUP: 2
11 64 87 122  #SUP: 2
11 64 87 138  #SUP: 2
11 64 89 122  #SUP: 2
11 64 89 138  #SUP: 2
11 64 122 138  #SUP: 2
11 68 83 87  #SUP: 2
11 68 83 89  #SUP: 2
11 68 83 122  #SUP: 2
11 68 83 138  #SUP: 2
11 68 87 89  #SUP: 2
11 68 87 122  #SUP: 2
11 68 87 138  #SUP: 2
11 68 89 122  #SUP: 2
11 68 89 138  #SUP: 2
11 68 122 138  #SUP: 2
11 83 87 89  #SUP: 2
11 83 87 122  #SUP: 2
11 83 87 138  #SUP: 2
11 83 89 122  #SUP: 2
11 83 89 138  #SUP: 2
11 83 122 138  #SUP: 2
11 87 89 122  #SUP: 2
11 87 89 138  #SUP: 2
11 87 122 138  #SUP: 2
11 89 122 138  #SUP: 2
15 46 50 51  #SUP: 2
15 46 50 52  #SUP: 2
15 46 51 52  #SUP: 2
15 50 51 52  #SUP: 2
46 50 51 52  #SUP: 3
46 50 51 54  #SUP: 2
46 50 52 54  #SUP: 2
46 51 52 54  #SUP: 2
50 51 52 54  #SUP: 2
51 52 54 81  #SUP: 2
51 52 65 68  #SUP: 2
51 52 65 85  #SUP: 2
51 52 68 85  #SUP: 2
51 65 68 85  #SUP: 2
52 65 68 85  #SUP: 2
54 64 65 67  #SUP: 2
54 64 65 68  #SUP: 3
54 64 65 83  #SUP: 2
54 64 66 68  #SUP: 2
54 64 66 74  #SUP: 2
54 64 66 79  #SUP: 2
54 64 67 68  #SUP: 2
54 64 68 74  #SUP: 2
54 64 68 79  #SUP: 2
54 64 68 83  #SUP: 3
54 64 68 87  #SUP: 2
54 64 68 89  #SUP: 2
54 64 68 122  #SUP: 2
54 64 68 138  #SUP: 2
54 64 74 79  #SUP: 2
54 64 83 87  #SUP: 2
54 64 83 89  #SUP: 2
54 64 83 122  #SUP: 2
54 64 83 138  #SUP: 2
54 64 87 89  #SUP: 2
54 64 87 122  #SUP: 2
54 64 87 138  #SUP: 2
54 64 89 122  #SUP: 2
54 64 89 138  #SUP: 2
54 64 122 138  #SUP: 2
54 65 67 68  #SUP: 2
54 65 67 75  #SUP: 2
54 65 67 76  #SUP: 2
54 65 67 87  #SUP: 2
54 65 67 118  #SUP: 2
54 65 67 122  #SUP: 2
54 65 68 83  #SUP: 2
54 65 75 76  #SUP: 2
54 65 87 118  #SUP: 2
54 65 87 122  #SUP: 2
54 65 118 122  #SUP: 2
54 66 68 74  #SUP: 2
54 66 68 79  #SUP: 2
54 66 74 79  #SUP: 2
54 67 75 76  #SUP: 2
54 67 87 118  #SUP: 2
54 67 87 122  #SUP: 2
54 67 118 122  #SUP: 2
54 68 74 79  #SUP: 2
54 68 83 87  #SUP: 2
54 68 83 89  #SUP: 2
54 68 83 122  #SUP: 2
54 68 83 138  #SUP: 2
54 68 87 89  #SUP: 2
54 68 87 122  #SUP: 2
54 68 87 138  #SUP: 2
54 68 89 122  #SUP: 2
54 68 89 138  #SUP: 2
54 68 122 138  #SUP: 2
54 83 87 89  #SUP: 2
54 83 87 122  #SUP: 2
54 83 87 138  #SUP: 2
54 83 89 122  #SUP: 2
54 83 89 138  #SUP: 2
54 83 122 138  #SUP: 2
54 87 89 122  #SUP: 2
54 87 89 138  #SUP: 2
54 87 118 122  #SUP: 2
54 87 122 138  #SUP: 2
54 89 122 138  #SUP: 2
64 65 67 68  #SUP: 2
64 65 68 83  #SUP: 2
64 66 68 74  #SUP: 2
64 66 68 79  #SUP: 2
64 66 74 79  #SUP: 2
64 68 74 79  #SUP: 2
64 68 83 87  #SUP: 2
64 68 83 89  #SUP: 2
64 68 83 122  #SUP: 2
64 68 83 138  #SUP: 2
64 68 87 89  #SUP: 2
64 68 87 122  #SUP: 2
64 68 87 138  #SUP: 2
64 68 89 122  #SUP: 2
64 68 89 138  #SUP: 2
64 68 122 138  #SUP: 2
64 83 87 89  #SUP: 2
64 83 87 122  #SUP: 2
64 83 87 138  #SUP: 2
64 83 89 122  #SUP: 2
64 83 89 138  #SUP: 2
64 83 122 138  #SUP: 2
64 87 89 122  #SUP: 2
64 87 89 138  #SUP: 2
64 87 122 138  #SUP: 2
64 89 122 138  #SUP: 2
65 67 68 76  #SUP: 2
65 67 68 89  #SUP: 2
65 67 75 76  #SUP: 2
65 67 76 81  #SUP: 2
65 67 87 118  #SUP: 2
65 67 87 122  #SUP: 2
65 67 118 122  #SUP: 2
65 68 87 89  #SUP: 2
65 68 87 118  #SUP: 2
65 68 87 122  #SUP: 2
65 68 89 118  #SUP: 2
65 68 89 122  #SUP: 2
65 68 89 123  #SUP: 2
65 68 118 122  #SUP: 2
65 87 89 118  #SUP: 2
65 87 89 122  #SUP: 2
65 87 118 122  #SUP: 3
65 89 118 122  #SUP: 2
66 68 74 79  #SUP: 2
66 68 87 89  #SUP: 2
66 68 87 122  #SUP: 2
66 68 89 122  #SUP: 2
66 87 89 122  #SUP: 2
67 87 118 122  #SUP: 2
68 83 87 89  #SUP: 2
68 83 87 122  #SUP: 2
68 83 87 138  #SUP: 2
68 83 89 122  #SUP: 2
68 83 89 138  #SUP: 2
68 83 122 138  #SUP: 2
68 87 89 118  #SUP: 2
68 87 89 122  #SUP: 3
68 87 89 138  #SUP: 2
68 87 118 122  #SUP: 2
68 87 122 138  #SUP: 2
68 89 118 122  #SUP: 2
68 89 122 138  #SUP: 2
83 87 89 122  #SUP: 2
83 87 89 138  #SUP: 2
83 87 122 138  #SUP: 2
83 89 122 138  #SUP: 2
87 89 118 122  #SUP: 2
87 89 122 138  #SUP: 2
6 11 54 64 68  #SUP: 2
6 11 54 64 83  #SUP: 2
6 11 54 64 87  #SUP: 2
6 11 54 64 89  #SUP: 2
6 11 54 64 122  #SUP: 2
6 11 54 64 138  #SUP: 2
6 11 54 68 83  #SUP: 2
6 11 54 68 87  #SUP: 2
6 11 54 68 89  #SUP: 2
6 11 54 68 122  #SUP: 2
6 11 54 68 138  #SUP: 2
6 11 54 83 87  #SUP: 2
6 11 54 83 89  #SUP: 2
6 11 54 83 122  #SUP: 2
6 11 54 83 138  #SUP: 2
6 11 54 87 89  #SUP: 2
6 11 54 87 122  #SUP: 2
6 11 54 87 138  #SUP: 2
6 11 54 89 122  #SUP: 2
6 11 54 89 138  #SUP: 2
6 11 54 122 138  #SUP: 2
6 11 64 68 83  #SUP: 2
6 11 64 68 87  #SUP: 2
6 11 64 68 89  #SUP: 2
6 11 64 68 122  #SUP: 2
6 11 64 68 138  #SUP: 2
6 11 64 83 87  #SUP: 2
6 11 64 83 89  #SUP: 2
6 11 64 83 122  #SUP: 2
6 11 64 83 138  #SUP: 2
6 11 64 87 89  #SUP: 2
6 11 64 87 122  #SUP: 2
6 11 64 87 138  #SUP: 2
6 11 64 89 122  #SUP: 2
6 11 64 89 138  #SUP: 2
6 11 64 122 138  #SUP: 2
6 11 68 83 87  #SUP: 2
6 11 68 83 89  #SUP: 2
6 11 68 83 122  #SUP: 2
6 11 68 83 138  #SUP: 2
6 11 68 87 89  #SUP: 2
6 11 68 87 122  #SUP: 2
6 11 68 87 138  #SUP: 2
6 11 68 89 122  #SUP: 2
6 11 68 89 138  #SUP: 2
6 11 68 122 138  #SUP: 2
6 11 83 87 89  #SUP: 2
6 11 83 87 122  #SUP: 2
6 11 83 87 138  #SUP: 2
6 11 83 89 122  #SUP: 2
6 11 83 89 138  #SUP: 2
6 11 83 122 138  #SUP: 2
6 11 87 89 122  #SUP: 2
6 11 87 89 138  #SUP: 2
6 11 87 122 138  #SUP: 2
6 11 89 122 138  #SUP: 2
6 15 46 50 51  #SUP: 2
6 15 46 50 52  #SUP: 2
6 15 46 51 52  #SUP: 2
6 15 50 51 52  #SUP: 2
6 46 50 51 52  #SUP: 3
6 46 50 51 54  #SUP: 2
6 46 50 52 54  #SUP: 2
6 46 51 52 54  #SUP: 2
6 50 51 52 54  #SUP: 2
6 51 52 54 81  #SUP: 2
6 51 52 65 68  #SUP: 2
6 51 52 65 85  #SUP: 2
6 51 52 68 85  #SUP: 2
6 51 65 68 85  #SUP: 2
6 52 65 68 85  #SUP: 2
6 54 64 65 68  #SUP: 2
6 54 64 65 83  #SUP: 2
6 54 64 68 83  #SUP: 3
6 54 64 68 87  #SUP: 2
6 54 64 68 89  #SUP: 2
6 54 64 68 122  #SUP: 2
6 54 64 68 138  #SUP: 2
6 54 64 83 87  #SUP: 2
6 54 64 83 89  #SUP: 2
6 54 64 83 122  #SUP: 2
6 54 64 83 138  #SUP: 2
6 54 64 87 89  #SUP: 2
6 54 64 87 122  #SUP: 2
6 54 64 87 138  #SUP: 2
6 54 64 89 122  #SUP: 2
6 54 64 89 138  #SUP: 2
6 54 64 122 138  #SUP: 2
6 54 65 68 83  #SUP: 2
6 54 68 83 87  #SUP: 2
6 54 68 83 89  #SUP: 2
6 54 68 83 122  #SUP: 2
6 54 68 83 138  #SUP: 2
6 54 68 87 89  #SUP: 2
6 54 68 87 122  #SUP: 2
6 54 68 87 138  #SUP: 2
6 54 68 89 122  #SUP: 2
6 54 68 89 138  #SUP: 2
6 54 68 122 138  #SUP: 2
6 54 83 87 89  #SUP: 2
6 54 83 87 122  #SUP: 2
6 54 83 87 138  #SUP: 2
6 54 83 89 122  #SUP: 2
6 54 83 89 138  #SUP: 2
6 54 83 122 138  #SUP: 2
6 54 87 89 122  #SUP: 2
6 54 87 89 138  #SUP: 2
6 54 87 122 138  #SUP: 2
6 54 89 122 138  #SUP: 2
6 64 65 68 83  #SUP: 2
6 64 68 83 87  #SUP: 2
6 64 68 83 89  #SUP: 2
6 64 68 83 122  #SUP: 2
6 64 68 83 138  #SUP: 2
6 64 68 87 89  #SUP: 2
6 64 68 87 122  #SUP: 2
6 64 68 87 138  #SUP: 2
6 64 68 89 122  #SUP: 2
6 64 68 89 138  #SUP: 2
6 64 68 122 138  #SUP: 2
6 64 83 87 89  #SUP: 2
6 64 83 87 122  #SUP: 2
6 64 83 87 138  #SUP: 2
6 64 83 89 122  #SUP: 2
6 64 83 89 138  #SUP: 2
6 64 83 122 138  #SUP: 2
6 64 87 89 122  #SUP: 2
6 64 87 89 138  #SUP: 2
6 64 87 122 138  #SUP: 2
6 64 89 122 138  #SUP: 2
6 65 68 87 89  #SUP: 2
6 65 68 87 118  #SUP: 2
6 65 68 87 122  #SUP: 2
6 65 68 89 118  #SUP: 2
6 65 68 89 122  #SUP: 2
6 65 68 118 122  #SUP: 2
6 65 87 89 118  #SUP: 2
6 65 87 89 122  #SUP: 2
6 65 87 118 122  #SUP: 2
6 65 89 118 122  #SUP: 2
6 66 68 87 89  #SUP: 2
6 66 68 87 122  #SUP: 2
6 66 68 89 122  #SUP: 2
6 66 87 89 122  #SUP: 2
6 68 83 87 89  #SUP: 2
6 68 83 87 122  #SUP: 2
6 68 83 87 138  #SUP: 2
6 68 83 89 122  #SUP: 2
6 68 83 89 138  #SUP: 2
6 68 83 122 138  #SUP: 2
6 68 87 89 118  #SUP: 2
6 68 87 89 122  #SUP: 3
6 68 87 89 138  #SUP: 2
6 68 87 118 122  #SUP: 2
6 68 87 122 138  #SUP: 2
6 68 89 118 122  #SUP: 2
6 68 89 122 138  #SUP: 2
6 83 87 89 122  #SUP: 2
6 83 87 89 138  #SUP: 2
6 83 87 122 138  #SUP: 2
6 83 89 122 138  #SUP: 2
6 87 89 118 122  #SUP: 2
6 87 89 122 138  #SUP: 2
11 54 64 68 83  #SUP: 2
11 54 64 68 87  #SUP: 2
11 54 64 68 89  #SUP: 2
11 54 64 68 122  #SUP: 2
11 54 64 68 138  #SUP: 2
11 54 64 83 87  #SUP: 2
11 54 64 83 89  #SUP: 2
11 54 64 83 122  #SUP: 2
11 54 64 83 138  #SUP: 2
11 54 64 87 89  #SUP: 2
11 54 64 87 122  #SUP: 2
11 54 64 87 138  #SUP: 2
11 54 64 89 122  #SUP: 2
11 54 64 89 138  #SUP: 2
11 54 64 122 138  #SUP: 2
11 54 68 83 87  #SUP: 2
11 54 68 83 89  #SUP: 2
11 54 68 83 122  #SUP: 2
11 54 68 83 138  #SUP: 2
11 54 68 87 89  #SUP: 2
11 54 68 87 122  #SUP: 2
11 54 68 87 138  #SUP: 2
11 54 68 89 122  #SUP: 2
11 54 68 89 138  #SUP: 2
11 54 68 122 138  #SUP: 2
11 54 83 87 89  #SUP: 2
11 54 83 87 122  #SUP: 2
11 54 83 87 138  #SUP: 2
11 54 83 89 122  #SUP: 2
11 54 83 89 138  #SUP: 2
11 54 83 122 138  #SUP: 2
11 54 87 89 122  #SUP: 2
11 54 87 89 138  #SUP: 2
11 54 87 122 138  #SUP: 2
11 54 89 122 138  #SUP: 2
11 64 68 83 87  #SUP: 2
11 64 68 83 89  #SUP: 2
11 64 68 83 122  #SUP: 2
11 64 68 83 138  #SUP: 2
11 64 68 87 89  #SUP: 2
11 64 68 87 122  #SUP: 2
11 64 68 87 138  #SUP: 2
11 64 68 89 122  #SUP: 2
11 64 68 89 138  #SUP: 2
11 64 68 122 138  #SUP: 2
11 64 83 87 89  #SUP: 2
11 64 83 87 122  #SUP: 2
11 64 83 87 138  #SUP: 2
11 64 83 89 122  #SUP: 2
11 64 83 89 138  #SUP: 2
11 64 83 122 138  #SUP: 2
11 64 87 89 122  #SUP: 2
11 64 87 89 138  #SUP: 2
11 64 87 122 138  #SUP: 2
11 64 89 122 138  #SUP: 2
11 68 83 87 89  #SUP: 2
11 68 83 87 122  #SUP: 2
11 68 83 87 138  #SUP: 2
11 68 83 89 122  #SUP: 2
11 68 83 89 138  #SUP: 2
11 68 83 122 138  #SUP: 2
11 68 87 89 122  #SUP: 2
11 68 87 89 138  #SUP: 2
11 68 87 122 138  #SUP: 2
11 68 89 122 138  #SUP: 2
11 83 87 89 122  #SUP: 2
11 83 87 89 138  #SUP: 2
11 83 87 122 138  #SUP: 2
11 83 89 122 138  #SUP: 2
11 87 89 122 138  #SUP: 2
15 46 50 51 52  #SUP: 2
46 50 51 52 54  #SUP: 2
51 52 65 68 85  #SUP: 2
54 64 65 67 68  #SUP: 2
54 64 65 68 83  #SUP: 2
54 64 66 68 74  #SUP: 2
54 64 66 68 79  #SUP: 2
54 64 66 74 79  #SUP: 2
54 64 68 74 79  #SUP: 2
54 64 68 83 87  #SUP: 2
54 64 68 83 89  #SUP: 2
54 64 68 83 122  #SUP: 2
54 64 68 83 138  #SUP: 2
54 64 68 87 89  #SUP: 2
54 64 68 87 122  #SUP: 2
54 64 68 87 138  #SUP: 2
54 64 68 89 122  #SUP: 2
54 64 68 89 138  #SUP: 2
54 64 68 122 138  #SUP: 2
54 64 83 87 89  #SUP: 2
54 64 83 87 122  #SUP: 2
54 64 83 87 138  #SUP: 2
54 64 83 89 122  #SUP: 2
54 64 83 89 138  #SUP: 2
54 64 83 122 138  #SUP: 2
54 64 87 89 122  #SUP: 2
54 64 87 89 138  #SUP: 2
54 64 87 122 138  #SUP: 2
54 64 89 122 138  #SUP: 2
54 65 67 75 76  #SUP: 2
54 65 67 87 118  #SUP: 2
54 65 67 87 122  #SUP: 2
54 65 67 118 122  #SUP: 2
54 65 87 118 122  #SUP: 2
54 66 68 74 79  #SUP: 2
54 67 87 118 122  #SUP: 2
54 68 83 87 89  #SUP: 2
54 68 83 87 122  #SUP: 2
54 68 83 87 138  #SUP: 2
54 68 83 89 122  #SUP: 2
54 68 83 89 138  #SUP: 2
54 68 83 122 138  #SUP: 2
54 68 87 89 122  #SUP: 2
54 68 87 89 138  #SUP: 2
54 68 87 122 138  #SUP: 2
54 68 89 122 138  #SUP: 2
54 83 87 89 122  #SUP: 2
54 83 87 89 138  #SUP: 2
54 83 87 122 138  #SUP: 2
54 83 89 122 138  #SUP: 2
54 87 89 122 138  #SUP: 2
64 66 68 74 79  #SUP: 2
64 68 83 87 89  #SUP: 2
64 68 83 87 122  #SUP: 2
64 68 83 87 138  #SUP: 2
64 68 83 89 122  #SUP: 2
64 68 83 89 138  #SUP: 2
64 68 83 122 138  #SUP: 2
64 68 87 89 122  #SUP: 2
64 68 87 89 138  #SUP: 2
64 68 87 122 138  #SUP: 2
64 68 89 122 138  #SUP: 2
64 83 87 89 122  #SUP: 2
64 83 87 89 138  #SUP: 2
64 83 87 122 138  #SUP: 2
64 83 89 122 138  #SUP: 2
64 87 89 122 138  #SUP: 2
65 67 87 118 122  #SUP: 2
65 68 87 89 118  #SUP: 2
65 68 87 89 122  #SUP: 2
65 68 87 118 122  #SUP: 2
65 68 89 118 122  #SUP: 2
65 87 89 118 122  #SUP: 2
66 68 87 89 122  #SUP: 2
68 83 87 89 122  #SUP: 2
68 83 87 89 138  #SUP: 2
68 83 87 122 138  #SUP: 2
68 83 89 122 138  #SUP: 2
68 87 89 118 122  #SUP: 2
68 87 89 122 138  #SUP: 2
83 87 89 122 138  #SUP: 2
6 11 54 64 68 83  #SUP: 2
6 11 54 64 68 87  #SUP: 2
6 11 54 64 68 89  #SUP: 2
6 11 54 64 68 122  #SUP: 2
6 11 54 64 68 138  #SUP: 2
6 11 54 64 83 87  #SUP: 2
6 11 54 64 83 89  #SUP: 2
6 11 54 64 83 122  #SUP: 2
6 11 54 64 83 138  #SUP: 2
6 11 54 64 87 89  #SUP: 2
6 11 54 64 87 122  #SUP: 2
6 11 54 64 87 138  #SUP: 2
6 11 54 64 89 122  #SUP: 2
6 11 54 64 89 138  #SUP: 2
6 11 54 64 122 138  #SUP: 2
6 11 54 68 83 87  #SUP: 2
6 11 54 68 83 89  #SUP: 2
6 11 54 68 83 122  #SUP: 2
6 11 54 68 83 138  #SUP: 2
6 11 54 68 87 89  #SUP: 2
6 11 54 68 87 122  #SUP: 2
6 11 54 68 87 138  #SUP: 2
6 11 54 68 89 122  #SUP: 2
6 11 54 68 89 138  #SUP: 2
6 11 54 68 122 138  #SUP: 2
6 11 54 83 87 89  #SUP: 2
6 11 54 83 87 122  #SUP: 2
6 11 54 83 87 138  #SUP: 2
6 11 54 83 89 122  #SUP: 2
6 11 54 83 89 138  #SUP: 2
6 11 54 83 122 138  #SUP: 2
6 11 54 87 89 122  #SUP: 2
6 11 54 87 89 138  #SUP: 2
6 11 54 87 122 138  #SUP: 2
6 11 54 89 122 138  #SUP: 2
6 11 64 68 83 87  #SUP: 2
6 11 64 68 83 89  #SUP: 2
6 11 64 68 83 122  #SUP: 2
6 11 64 68 83 138  #SUP: 2
6 11 64 68 87 89  #SUP: 2
6 11 64 68 87 122  #SUP: 2
6 11 64 68 87 138  #SUP: 2
6 11 64 68 89 122  #SUP: 2
6 11 64 68 89 138  #SUP: 2
6 11 64 68 122 138  #SUP: 2
6 11 64 83 87 89  #SUP: 2
6 11 64 83 87 122  #SUP: 2
6 11 64 83 87 138  #SUP: 2
6 11 64 83 89 122  #SUP: 2
6 11 64 83 89 138  #SUP: 2
6 11 64 83 122 138  #SUP: 2
6 11 64 87 89 122  #SUP: 2
6 11 64 87 89 138  #SUP: 2
6 11 64 87 122 138  #SUP: 2
6 11 64 89 122 138  #SUP: 2
6 11 68 83 87 89  #SUP: 2
6 11 68 83 87 122  #SUP: 2
6 11 68 83 87 138  #SUP: 2
6 11 68 83 89 122  #SUP: 2
6 11 68 83 89 138  #SUP: 2
6 11 68 83 122 138  #SUP: 2
6 11 68 87 89 122  #SUP: 2
6 11 68 87 89 138  #SUP: 2
6 11 68 87 122 138  #SUP: 2
6 11 68 89 122 138  #SUP: 2
6 11 83 87 89 122  #SUP: 2
6 11 83 87 89 138  #SUP: 2
6 11 83 87 122 138  #SUP: 2
6 11 83 89 122 138  #SUP: 2
6 11 87 89 122 138  #SUP: 2
6 15 46 50 51 52  #SUP: 2
6 46 50 51 52 54  #SUP: 2
6 51 52 65 68 85  #SUP: 2
6 54 64 65 68 83  #SUP: 2
6 54 64 68 83 87  #SUP: 2
6 54 64 68 83 89  #SUP: 2
6 54 64 68 83 122  #SUP: 2
6 54 64 68 83 138  #SUP: 2
6 54 64 68 87 89  #SUP: 2
6 54 64 68 87 122  #SUP: 2
6 54 64 68 87 138  #SUP: 2
6 54 64 68 89 122  #SUP: 2
6 54 64 68 89 138  #SUP: 2
6 54 64 68 122 138  #SUP: 2
6 54 64 83 87 89  #SUP: 2
6 54 64 83 87 122  #SUP: 2
6 54 64 83 87 138  #SUP: 2
6 54 64 83 89 122  #SUP: 2
6 54 64 83 89 138  #SUP: 2
6 54 64 83 122 138  #SUP: 2
6 54 64 87 89 122  #SUP: 2
6 54 64 87 89 138  #SUP: 2
6 54 64 87 122 138  #SUP: 2
6 54 64 89 122 138  #SUP: 2
6 54 68 83 87 89  #SUP: 2
6 54 68 83 87 122  #SUP: 2
6 54 68 83 87 138  #SUP: 2
6 54 68 83 89 122  #SUP: 2
6 54 68 83 89 138  #SUP: 2
6 54 68 83 122 138  #SUP: 2
6 54 68 87 89 122  #SUP: 2
6 54 68 87 89 138  #SUP: 2
6 54 68 87 122 138  #SUP: 2
6 54 68 89 122 138  #SUP: 2
6 54 83 87 89 122  #SUP: 2
6 54 83 87 89 138  #SUP: 2
6 54 83 87 122 138  #SUP: 2
6 54 83 89 122 138  #SUP: 2
6 54 87 89 122 138  #SUP: 2
6 64 68 83 87 89  #SUP: 2
6 64 68 83 87 122  #SUP: 2
6 64 68 83 87 138  #SUP: 2
6 64 68 83 89 122  #SUP: 2
6 64 68 83 89 138  #SUP: 2
6 64 68 83 122 138  #SUP: 2
6 64 68 87 89 122  #SUP: 2
6 64 68 87 89 138  #SUP: 2
6 64 68 87 122 138  #SUP: 2
6 64 68 89 122 138  #SUP: 2
6 64 83 87 89 122  #SUP: 2
6 64 83 87 89 138  #SUP: 2
6 64 83 87 122 138  #SUP: 2
6 64 83 89 122 138  #SUP: 2
6 64 87 89 122 138  #SUP: 2
6 65 68 87 89 118  #SUP: 2
6 65 68 87 89 122  #SUP: 2
6 65 68 87 118 122  #SUP: 2
6 65 68 89 118 122  #SUP: 2
6 65 87 89 118 122  #SUP: 2
6 66 68 87 89 122  #SUP: 2
6 68 83 87 89 122  #SUP: 2
6 68 83 87 89 138  #SUP: 2
6 68 83 87 122 138  #SUP: 2
6 68 83 89 122 138  #SUP: 2
6 68 87 89 118 122  #SUP: 2
6 68 87 89 122 138  #SUP: 2
6 83 87 89 122 138  #SUP: 2
11 54 64 68 83 87  #SUP: 2
11 54 64 68 83 89  #SUP: 2
11 54 64 68 83 122  #SUP: 2
11 54 64 68 83 138  #SUP: 2
11 54 64 68 87 89  #SUP: 2
11 54 64 68 87 122  #SUP: 2
11 54 64 68 87 138  #SUP: 2
11 54 64 68 89 122  #SUP: 2
11 54 64 68 89 138  #SUP: 2
11 54 64 68 122 138  #SUP: 2
11 54 64 83 87 89  #SUP: 2
11 54 64 83 87 122  #SUP: 2
11 54 64 83 87 138  #SUP: 2
11 54 64 83 89 122  #SUP: 2
11 54 64 83 89 138  #SUP: 2
11 54 64 83 122 138  #SUP: 2
11 54 64 87 89 122  #SUP: 2
11 54 64 87 89 138  #SUP: 2
11 54 64 87 122 138  #SUP: 2
11 54 64 89 122 138  #SUP: 2
11 54 68 83 87 89  #SUP: 2
11 54 68 83 87 122  #SUP: 2
11 54 68 83 87 138  #SUP: 2
11 54 68 83 89 122  #SUP: 2
11 54 68 83 89 138  #SUP: 2
11 54 68 83 122 138  #SUP: 2
11 54 68 87 89 122  #SUP: 2
11 54 68 87 89 138  #SUP: 2
11 54 68 87 122 138  #SUP: 2
11 54 68 89 122 138  #SUP: 2
11 54 83 87 89 122  #SUP: 2
11 54 83 87 89 138  #SUP: 2
11 54 83 87 122 138  #SUP: 2
11 54 83 89 122 138  #SUP: 2
11 54 87 89 122 138  #SUP: 2
11 64 68 83 87 89  #SUP: 2
11 64 68 83 87 122  #SUP: 2
11 64 68 83 87 138  #SUP: 2
11 64 68 83 89 122  #SUP: 2
11 64 68 83 89 138  #SUP: 2
11 64 68 83 122 138  #SUP: 2
11 64 68 87 89 122  #SUP: 2
11 64 68 87 89 138  #SUP: 2
11 64 68 87 122 138  #SUP: 2
11 64 68 89 122 138  #SUP: 2
11 64 83 87 89 122  #SUP: 2
11 64 83 87 89 138  #SUP: 2
11 64 83 87 122 138  #SUP: 2
11 64 83 89 122 138  #SUP: 2
11 64 87 89 122 138  #SUP: 2
11 68 83 87 89 122  #SUP: 2
11 68 83 87 89 138  #SUP: 2
11 68 83 87 122 138  #SUP: 2
11 68 83 89 122 138  #SUP: 2
11 68 87 89 122 138  #SUP: 2
11 83 87 89 122 138  #SUP: 2
54 64 66 68 74 79  #SUP: 2
54 64 68 83 87 89  #SUP: 2
54 64 68 83 87 122  #SUP: 2
54 64 68 83 87 138  #SUP: 2
54 64 68 83 89 122  #SUP: 2
54 64 68 83 89 138  #SUP: 2
54 64 68 83 122 138  #SUP: 2
54 64 68 87 89 122  #SUP: 2
54 64 68 87 89 138  #SUP: 2
54 64 68 87 122 138  #SUP: 2
54 64 68 89 122 138  #SUP: 2
54 64 83 87 89 122  #SUP: 2
54 64 83 87 89 138  #SUP: 2
54 64 83 87 122 138  #SUP: 2
54 64 83 89 122 138  #SUP: 2
54 64 87 89 122 138  #SUP: 2
54 65 67 87 118 122  #SUP: 2
54 68 83 87 89 122  #SUP: 2
54 68 83 87 89 138  #SUP: 2
54 68 83 87 122 138  #SUP: 2
54 68 83 89 122 138  #SUP: 2
54 68 87 89 122 138  #SUP: 2
54 83 87 89 122 138  #SUP: 2
64 68 83 87 89 122  #SUP: 2
64 68 83 87 89 138  #SUP: 2
64 68 83 87 122 138  #SUP: 2
64 68 83 89 122 138  #SUP: 2
64 68 87 89 122 138  #SUP: 2
64 83 87 89 122 138  #SUP: 2
65 68 87 89 118 122  #SUP: 2
68 83 87 89 122 138  #SUP: 2
6 11 54 64 68 83 87  #SUP: 2
6 11 54 64 68 83 89  #SUP: 2
6 11 54 64 68 83 122  #SUP: 2
6 11 54 64 68 83 138  #SUP: 2
6 11 54 64 68 87 89  #SUP: 2
6 11 54 64 68 87 122  #SUP: 2
6 11 54 64 68 87 138  #SUP: 2
6 11 54 64 68 89 122  #SUP: 2
6 11 54 64 68 89 138  #SUP: 2
6 11 54 64 68 122 138  #SUP: 2
6 11 54 64 83 87 89  #SUP: 2
6 11 54 64 83 87 122  #SUP: 2
6 11 54 64 83 87 138  #SUP: 2
6 11 54 64 83 89 122  #SUP: 2
6 11 54 64 83 89 138  #SUP: 2
6 11 54 64 83 122 138  #SUP: 2
6 11 54 64 87 89 122  #SUP: 2
6 11 54 64 87 89 138  #SUP: 2
6 11 54 64 87 122 138  #SUP: 2
6 11 54 64 89 122 138  #SUP: 2
6 11 54 68 83 87 89  #SUP: 2
6 11 54 68 83 87 122  #SUP: 2
6 11 54 68 83 87 138  #SUP: 2
6 11 54 68 83 89 122  #SUP: 2
6 11 54 68 83 89 138  #SUP: 2
6 11 54 68 83 122 138  #SUP: 2
6 11 54 68 87 89 122  #SUP: 2
6 11 54 68 87 89 138  #SUP: 2
6 11 54 68 87 122 138  #SUP: 2
6 11 54 68 89 122 138  #SUP: 2
6 11 54 83 87 89 122  #SUP: 2
6 11 54 83 87 89 138  #SUP: 2
6 11 54 83 87 122 138  #SUP: 2
6 11 54 83 89 122 138  #SUP: 2
6 11 54 87 89 122 138  #SUP: 2
6 11 64 68 83 87 89  #SUP: 2
6 11 64 68 83 87 122  #SUP: 2
6 11 64 68 83 87 138  #SUP: 2
6 11 64 68 83 89 122  #SUP: 2
6 11 64 68 83 89 138  #SUP: 2
6 11 64 68 83 122 138  #SUP: 2
6 11 64 68 87 89 122  #SUP: 2
6 11 64 68 87 89 138  #SUP: 2
6 11 64 68 87 122 138  #SUP: 2
6 11 64 68 89 122 138  #SUP: 2
6 11 64 83 87 89 122  #SUP: 2
6 11 64 83 87 89 138  #SUP: 2
6 11 64 83 87 122 138  #SUP: 2
6 11 64 83 89 122 138  #SUP: 2
6 11 64 87 89 122 138  #SUP: 2
6 11 68 83 87 89 122  #SUP: 2
6 11 68 83 87 89 138  #SUP: 2
6 11 68 83 87 122 138  #SUP: 2
6 11 68 83 89 122 138  #SUP: 2
6 11 68 87 89 122 138  #SUP: 2
6 11 83 87 89 122 138  #SUP: 2
6 54 64 68 83 87 89  #SUP: 2
6 54 64 68 83 87 122  #SUP: 2
6 54 64 68 83 87 138  #SUP: 2
6 54 64 68 83 89 122  #SUP: 2
6 54 64 68 83 89 138  #SUP: 2
6 54 64 68 83 122 138  #SUP: 2
6 54 64 68 87 89 122  #SUP: 2
6 54 64 68 87 89 138  #SUP: 2
6 54 64 68 87 122 138  #SUP: 2
6 54 64 68 89 122 138  #SUP: 2
6 54 64 83 87 89 122  #SUP: 2
6 54 64 83 87 89 138  #SUP: 2
6 54 64 83 87 122 138  #SUP: 2
6 54 64 83 89 122 138  #SUP: 2
6 54 64 87 89 122 138  #SUP: 2
6 54 68 83 87 89 122  #SUP: 2
6 54 68 83 87 89 138  #SUP: 2
6 54 68 83 87 122 138  #SUP: 2
6 54 68 83 89 122 138  #SUP: 2
6 54 68 87 89 122 138  #SUP: 2
6 54 83 87 89 122 138  #SUP: 2
6 64 68 83 87 89 122  #SUP: 2
6 64 68 83 87 89 138  #SUP: 2
6 64 68 83 87 122 138  #SUP: 2
6 64 68 83 89 122 138  #SUP: 2
6 64 68 87 89 122 138  #SUP: 2
6 64 83 87 89 122 138  #SUP: 2
6 65 68 87 89 118 122  #SUP: 2
6 68 83 87 89 122 138  #SUP: 2
11 54 64 68 83 87 89  #SUP: 2
11 54 64 68 83 87 122  #SUP: 2
11 54 64 68 83 87 138  #SUP: 2
11 54 64 68 83 89 122  #SUP: 2
11 54 64 68 83 89 138  #SUP: 2
11 54 64 68 83 122 138  #SUP: 2
11 54 64 68 87 89 122  #SUP: 2
11 54 64 68 87 89 138  #SUP: 2
11 54 64 68 87 122 138  #SUP: 2
11 54 64 68 89 122 138  #SUP: 2
11 54 64 83 87 89 122  #SUP: 2
11 54 64 83 87 89 138  #SUP: 2
11 54 64 83 87 122 138  #SUP: 2
11 54 64 83 89 122 138  #SUP: 2
11 54 64 87 89 122 138  #SUP: 2
11 54 68 83 87 89 122  #SUP: 2
11 54 68 83 87 89 138  #SUP: 2
11 54 68 83 87 122 138  #SUP: 2
11 54 68 83 89 122 138  #SUP: 2
11 54 68 87 89 122 138  #SUP: 2
11 54 83 87 89 122 138  #SUP: 2
11 64 68 83 87 89 122  #SUP: 2
11 64 68 83 87 89 138  #SUP: 2
11 64 68 83 87 122 138  #SUP: 2
11 64 68 83 89 122 138  #SUP: 2
11 64 68 87 89 122 138  #SUP: 2
11 64 83 87 89 122 138  #SUP: 2
11 68 83 87 89 122 138  #SUP: 2
54 64 68 83 87 89 122  #SUP: 2
54 64 68 83 87 89 138  #SUP: 2
54 64 68 83 87 122 138  #SUP: 2
54 64 68 83 89 122 138  #SUP: 2
54 64 68 87 89 122 138  #SUP: 2
54 64 83 87 89 122 138  #SUP: 2
54 68 83 87 89 122 138  #SUP: 2
64 68 83 87 89 122 138  #SUP: 2
6 11 54 64 68 83 87 89  #SUP: 2
6 11 54 64 68 83 87 122  #SUP: 2
6 11 54 64 68 83 87 138  #SUP: 2
6 11 54 64 68 83 89 122  #SUP: 2
6 11 54 64 68 83 89 138  #SUP: 2
6 11 54 64 68 83 122 138  #SUP: 2
6 11 54 64 68 87 89 122  #SUP: 2
6 11 54 64 68 87 89 138  #SUP: 2
6 11 54 64 68 87 122 138  #SUP: 2
6 11 54 64 68 89 122 138  #SUP: 2
6 11 54 64 83 87 89 122  #SUP: 2
6 11 54 64 83 87 89 138  #SUP: 2
6 11 54 64 83 87 122 138  #SUP: 2
6 11 54 64 83 89 122 138  #SUP: 2
6 11 54 64 87 89 122 138  #SUP: 2
6 11 54 68 83 87 89 122  #SUP: 2
6 11 54 68 83 87 89 138  #SUP: 2
6 11 54 68 83 87 122 138  #SUP: 2
6 11 54 68 83 89 122 138  #SUP: 2
6 11 54 68 87 89 122 138  #SUP: 2
6 11 54 83 87 89 122 138  #SUP: 2
6 11 64 68 83 87 89 122  #SUP: 2
6 11 64 68 83 87 89 138  #SUP: 2
6 11 64 68 83 87 122 138  #SUP: 2
6 11 64 68 83 89 122 138  #SUP: 2
6 11 64 68 87 89 122 138  #SUP: 2
6 11 64 83 87 89 122 138  #SUP: 2
6 11 68 83 87 89 122 138  #SUP: 2
6 54 64 68 83 87 89 122  #SUP: 2
6 54 64 68 83 87 89 138  #SUP: 2
6 54 64 68 83 87 122 138  #SUP: 2
6 54 64 68 83 89 122 138  #SUP: 2
6 54 64 68 87 89 122 138  #SUP: 2
6 54 64 83 87 89 122 138  #SUP: 2
6 54 68 83 87 89 122 138  #SUP: 2
6 64 68 83 87 89 122 138  #SUP: 2
11 54 64 68 83 87 89 122  #SUP: 2
11 54 64 68 83 87 89 138  #SUP: 2
11 54 64 68 83 87 122 138  #SUP: 2
11 54 64 68 83 89 122 138  #SUP: 2
11 54 64 68 87 89 122 138  #SUP: 2
11 54 64 83 87 89 122 138  #SUP: 2
11 54 68 83 87 89 122 138  #SUP: 2
11 64 68 83 87 89 122 138  #SUP: 2
54 64 68 83 87 89 122 138  #SUP: 2
6 11 54 64 68 83 87 89 122  #SUP: 2
6 11 54 64 68 83 87 89 138  #SUP: 2
6 11 54 64 68 83 87 122 138  #SUP: 2
6 11 54 64 68 83 89 122 138  #SUP: 2
6 11 54 64 68 87 89 122 138  #SUP: 2
6 11 54 64 83 87 89 122 138  #SUP: 2
6 11 54 68 83 87 89 122 138  #SUP: 2
6 11 64 68 83 87 89 122 138  #SUP: 2
6 54 64 68 83 87 89 122 138  #SUP: 2
11 54 64 68 83 87 89 122 138  #SUP: 2
6 11 54 64 68 83 87 89 122 138  #SUP: 2
