1 #SUP: 3
2 #SUP: 8
3 #SUP: 6
6 #SUP: 18
7 #SUP: 4
11 #SUP: 6
15 #SUP: 4
21 #SUP: 4
30 #SUP: 3
33 #SUP: 3
38 #SUP: 3
52 #SUP: 14
53 #SUP: 9
60 #SUP: 6
61 #SUP: 3
64 #SUP: 5
65 #SUP: 8
66 #SUP: 6
67 #SUP: 9
68 #SUP: 8
75 #SUP: 5
79 #SUP: 5
81 #SUP: 3
87 #SUP: 7
89 #SUP: 7
94 #SUP: 3
99 #SUP: 3
102 #SUP: 3
104 #SUP: 3
116 #SUP: 3
122 #SUP: 4
125 #SUP: 3
134 #SUP: 3
135 #SUP: 7
136 #SUP: 6
138 #SUP: 4
139 #SUP: 3
140 #SUP: 6
142 #SUP: 3
161 #SUP: 3
162 #SUP: 3
178 #SUP: 5
33 21 #SUP: 3
94 65 #SUP: 3
94 6 #SUP: 3
94 65 6 #SUP: 3
102 6 #SUP: 3
139 67 #SUP: 3
139 52 #SUP: 3
139 67 52 #SUP: 3
142 52 #SUP: 3
7 6 #SUP: 3
21 75 #SUP: 3
122 87 #SUP: 4
122 87 65 #SUP: 3
122 87 65 6 #SUP: 3
122 87 68 #SUP: 3
122 87 68 6 #SUP: 3
122 87 6 #SUP: 4
122 65 #SUP: 3
122 65 6 #SUP: 3
122 68 #SUP: 3
122 68 6 #SUP: 3
122 6 #SUP: 4
138 89 #SUP: 3
138 89 65 #SUP: 3
138 89 65 67 #SUP: 3
138 89 65 6 #SUP: 3
138 89 65 67 6 #SUP: 3
138 89 67 #SUP: 3
138 89 67 6 #SUP: 3
138 89 6 #SUP: 3
138 135 #SUP: 3
138 135 67 #SUP: 3
138 135 6 #SUP: 3
138 135 67 6 #SUP: 3
138 65 #SUP: 3
138 65 67 #SUP: 3
138 65 6 #SUP: 3
138 65 67 6 #SUP: 3
138 67 #SUP: 4
138 67 6 #SUP: 4
138 6 #SUP: 4
64 135 #SUP: 3
64 68 #SUP: 3
64 6 #SUP: 3
75 140 #SUP: 3
75 65 #SUP: 3
75 67 #SUP: 3
79 67 #SUP: 3
11 87 #SUP: 3
11 87 68 #SUP: 3
11 89 #SUP: 3
11 89 65 #SUP: 3
11 89 67 #SUP: 3
11 89 65 67 #SUP: 3
11 65 #SUP: 3
11 65 67 #SUP: 3
11 68 #SUP: 3
11 67 #SUP: 3
11 52 #SUP: 3
11 6 #SUP: 3
66 87 #SUP: 3
66 87 2 #SUP: 3
66 87 2 68 #SUP: 3
66 87 2 52 #SUP: 3
66 87 2 68 52 #SUP: 3
66 87 68 #SUP: 3
66 87 68 52 #SUP: 3
66 87 52 #SUP: 3
66 89 #SUP: 4
66 89 2 #SUP: 3
66 89 2 68 #SUP: 3
66 89 65 #SUP: 3
66 89 65 68 #SUP: 3
66 89 65 52 #SUP: 3
66 89 65 68 52 #SUP: 3
66 89 68 #SUP: 4
66 89 68 52 #SUP: 3
66 89 68 6 #SUP: 3
66 89 52 #SUP: 3
66 89 6 #SUP: 3
66 2 #SUP: 4
66 2 68 #SUP: 4
66 2 68 52 #SUP: 3
66 2 68 6 #SUP: 3
66 2 52 #SUP: 3
66 2 6 #SUP: 3
66 65 #SUP: 4
66 65 68 #SUP: 4
66 65 68 67 #SUP: 3
66 65 68 52 #SUP: 3
66 65 67 #SUP: 3
66 65 52 #SUP: 3
66 68 #SUP: 6
66 68 53 #SUP: 3
66 68 53 52 #SUP: 3
66 68 53 6 #SUP: 3
66 68 53 52 6 #SUP: 3
66 68 67 #SUP: 3
66 68 52 #SUP: 4
66 68 52 6 #SUP: 3
66 68 6 #SUP: 4
66 53 #SUP: 3
66 53 52 #SUP: 3
66 53 6 #SUP: 3
66 53 52 6 #SUP: 3
66 67 #SUP: 3
66 52 #SUP: 4
66 52 6 #SUP: 3
66 6 #SUP: 4
136 135 #SUP: 3
136 135 53 #SUP: 3
136 135 53 52 #SUP: 3
136 135 53 6 #SUP: 3
136 135 53 52 6 #SUP: 3
136 135 52 #SUP: 3
136 135 52 6 #SUP: 3
136 135 6 #SUP: 3
136 53 #SUP: 4
136 53 67 #SUP: 3
136 53 67 52 #SUP: 3
136 53 67 6 #SUP: 3
136 53 67 52 6 #SUP: 3
136 53 52 #SUP: 4
136 53 52 6 #SUP: 4
136 53 6 #SUP: 4
136 67 #SUP: 4
136 67 52 #SUP: 4
136 67 6 #SUP: 3
136 67 52 6 #SUP: 3
136 52 #SUP: 5
136 52 6 #SUP: 4
136 6 #SUP: 4
140 65 #SUP: 3
87 89 #SUP: 3
87 89 65 #SUP: 3
87 89 65 68 #SUP: 3
87 89 65 67 #SUP: 3
87 89 65 68 67 #SUP: 3
87 89 68 #SUP: 3
87 89 68 67 #SUP: 3
87 89 67 #SUP: 3
87 2 #SUP: 3
87 2 68 #SUP: 3
87 2 52 #SUP: 3
87 2 68 52 #SUP: 3
87 65 #SUP: 4
87 65 68 #SUP: 3
87 65 68 67 #SUP: 3
87 65 67 #SUP: 3
87 65 6 #SUP: 3
87 68 #SUP: 5
87 68 67 #SUP: 3
87 68 52 #SUP: 3
87 68 6 #SUP: 4
87 67 #SUP: 3
87 52 #SUP: 3
87 6 #SUP: 5
89 2 #SUP: 3
89 2 68 #SUP: 3
89 65 #SUP: 5
89 65 68 #SUP: 4
89 65 68 67 #SUP: 3
89 65 68 52 #SUP: 3
89 65 68 6 #SUP: 3
89 65 53 #SUP: 3
89 65 53 52 #SUP: 3
89 65 53 6 #SUP: 3
89 65 53 52 6 #SUP: 3
89 65 67 #SUP: 4
89 65 67 52 #SUP: 3
89 65 67 6 #SUP: 3
89 65 52 #SUP: 4
89 65 52 6 #SUP: 3
89 65 6 #SUP: 4
89 68 #SUP: 5
89 68 67 #SUP: 3
89 68 52 #SUP: 3
89 68 6 #SUP: 4
89 53 #SUP: 3
89 53 52 #SUP: 3
89 53 6 #SUP: 3
89 53 52 6 #SUP: 3
89 67 #SUP: 4
89 67 52 #SUP: 3
89 67 6 #SUP: 3
89 52 #SUP: 5
89 52 6 #SUP: 3
89 6 #SUP: 5
135 53 #SUP: 3
135 53 52 #SUP: 3
135 53 6 #SUP: 3
135 53 52 6 #SUP: 3
135 67 #SUP: 3
135 67 6 #SUP: 3
135 52 #SUP: 3
135 52 6 #SUP: 3
135 6 #SUP: 5
2 68 #SUP: 4
2 68 52 #SUP: 3
2 68 6 #SUP: 3
2 52 #SUP: 4
2 52 6 #SUP: 3
2 6 #SUP: 5
65 68 #SUP: 5
65 68 67 #SUP: 4
65 68 52 #SUP: 3
65 68 6 #SUP: 3
65 53 #SUP: 3
65 53 52 #SUP: 3
65 53 6 #SUP: 3
65 53 52 6 #SUP: 3
65 67 #SUP: 5
65 67 52 #SUP: 3
65 67 6 #SUP: 3
65 52 #SUP: 4
65 52 6 #SUP: 3
65 6 #SUP: 5
68 53 #SUP: 3
68 53 52 #SUP: 3
68 53 6 #SUP: 3
68 53 52 6 #SUP: 3
68 67 #SUP: 4
68 52 #SUP: 4
68 52 6 #SUP: 3
68 6 #SUP: 6
53 67 #SUP: 4
53 67 52 #SUP: 4
53 67 6 #SUP: 4
53 67 52 6 #SUP: 4
53 52 #SUP: 8
53 52 6 #SUP: 7
53 6 #SUP: 8
67 52 #SUP: 6
67 6 #SUP: 6
67 52 6 #SUP: 4
52 6 #SUP: 8
