1 #SUP: 2
2 #SUP: 7
3 #SUP: 3
6 #SUP: 7
11 #SUP: 4
15 #SUP: 3
21 #SUP: 3
26 #SUP: 2
33 #SUP: 2
38 #SUP: 2
44 #SUP: 2
52 #SUP: 6
53 #SUP: 3
60 #SUP: 5
64 #SUP: 2
65 #SUP: 4
66 #SUP: 5
67 #SUP: 3
68 #SUP: 5
75 #SUP: 2
76 #SUP: 2
81 #SUP: 2
87 #SUP: 4
89 #SUP: 4
90 #SUP: 2
91 #SUP: 2
102 #SUP: 3
104 #SUP: 3
115 #SUP: 2
122 #SUP: 2
133 #SUP: 2
135 #SUP: 2
136 #SUP: 2
178 #SUP: 5
26 2 #SUP: 2
33 21 #SUP: 2
64 76 #SUP: 2
64 76 66 #SUP: 2
64 76 68 #SUP: 2
64 76 66 68 #SUP: 2
64 66 #SUP: 2
64 66 68 #SUP: 2
64 68 #SUP: 2
75 21 #SUP: 2
75 65 #SUP: 2
75 21 65 #SUP: 2
76 66 #SUP: 2
76 68 #SUP: 2
76 66 68 #SUP: 2
115 89 #SUP: 2
122 133 #SUP: 2
122 133 135 #SUP: 2
122 133 135 136 #SUP: 2
122 133 135 136 53 #SUP: 2
122 133 135 136 53 87 #SUP: 2
122 133 135 136 53 87 66 #SUP: 2
122 133 135 136 53 87 66 68 #SUP: 2
122 133 135 136 53 87 66 68 52 #SUP: 2
122 133 135 136 53 87 66 68 52 2 #SUP: 2
122 133 135 136 53 87 66 68 52 6 #SUP: 2
122 133 135 136 53 87 66 68 52 2 6 #SUP: 2
122 133 135 136 53 87 66 68 2 #SUP: 2
122 133 135 136 53 87 66 68 2 6 #SUP: 2
122 133 135 136 53 87 66 68 6 #SUP: 2
122 133 135 136 53 87 66 52 #SUP: 2
122 133 135 136 53 87 66 52 2 #SUP: 2
122 133 135 136 53 87 66 52 6 #SUP: 2
122 133 135 136 53 87 66 52 2 6 #SUP: 2
122 133 135 136 53 87 66 2 #SUP: 2
122 133 135 136 53 87 66 2 6 #SUP: 2
122 133 135 136 53 87 66 6 #SUP: 2
122 133 135 136 53 87 68 #SUP: 2
122 133 135 136 53 87 68 52 #SUP: 2
122 133 135 136 53 87 68 52 2 #SUP: 2
122 133 135 136 53 87 68 52 6 #SUP: 2
122 133 135 136 53 87 68 52 2 6 #SUP: 2
122 133 135 136 53 87 68 2 #SUP: 2
122 133 135 136 53 87 68 2 6 #SUP: 2
122 133 135 136 53 87 68 6 #SUP: 2
122 133 135 136 53 87 52 #SUP: 2
122 133 135 136 53 87 52 2 #SUP: 2
122 133 135 136 53 87 52 6 #SUP: 2
122 133 135 136 53 87 52 2 6 #SUP: 2
122 133 135 136 53 87 2 #SUP: 2
122 133 135 136 53 87 2 6 #SUP: 2
122 133 135 136 53 87 6 #SUP: 2
122 133 135 136 53 66 #SUP: 2
122 133 135 136 53 66 68 #SUP: 2
122 133 135 136 53 66 68 52 #SUP: 2
122 133 135 136 53 66 68 52 2 #SUP: 2
122 133 135 136 53 66 68 52 6 #SUP: 2
122 133 135 136 53 66 68 52 2 6 #SUP: 2
122 133 135 136 53 66 68 2 #SUP: 2
122 133 135 136 53 66 68 2 6 #SUP: 2
122 133 135 136 53 66 68 6 #SUP: 2
122 133 135 136 53 66 52 #SUP: 2
122 133 135 136 53 66 52 2 #SUP: 2
122 133 135 136 53 66 52 6 #SUP: 2
122 133 135 136 53 66 52 2 6 #SUP: 2
122 133 135 136 53 66 2 #SUP: 2
122 133 135 136 53 66 2 6 #SUP: 2
122 133 135 136 53 66 6 #SUP: 2
122 133 135 136 53 68 #SUP: 2
122 133 135 136 53 68 52 #SUP: 2
122 133 135 136 53 68 52 2 #SUP: 2
122 133 135 136 53 68 52 6 #SUP: 2
122 133 135 136 53 68 52 2 6 #SUP: 2
122 133 135 136 53 68 2 #SUP: 2
122 133 135 136 53 68 2 6 #SUP: 2
122 133 135 136 53 68 6 #SUP: 2
122 133 135 136 53 52 #SUP: 2
122 133 135 136 53 52 2 #SUP: 2
122 133 135 136 53 52 6 #SUP: 2
122 133 135 136 53 52 2 6 #SUP: 2
122 133 135 136 53 2 #SUP: 2
122 133 135 136 53 2 6 #SUP: 2
122 133 135 136 53 6 #SUP: 2
122 133 135 136 87 #SUP: 2
122 133 135 136 87 66 #SUP: 2
122 133 135 136 87 66 68 #SUP: 2
122 133 135 136 87 66 68 52 #SUP: 2
122 133 135 136 87 66 68 52 2 #SUP: 2
122 133 135 136 87 66 68 52 6 #SUP: 2
122 133 135 136 87 66 68 52 2 6 #SUP: 2
122 133 135 136 87 66 68 2 #SUP: 2
122 133 135 136 87 66 68 2 6 #SUP: 2
122 133 135 136 87 66 68 6 #SUP: 2
122 133 135 136 87 66 52 #SUP: 2
122 133 135 136 87 66 52 2 #SUP: 2
122 133 135 136 87 66 52 6 #SUP: 2
122 133 135 136 87 66 52 2 6 #SUP: 2
122 133 135 136 87 66 2 #SUP: 2
122 133 135 136 87 66 2 6 #SUP: 2
122 133 135 136 87 66 6 #SUP: 2
122 133 135 136 87 68 #SUP: 2
122 133 135 136 87 68 52 #SUP: 2
122 133 135 136 87 68 52 2 #SUP: 2
122 133 135 136 87 68 52 6 #SUP: 2
122 133 135 136 87 68 52 2 6 #SUP: 2
122 133 135 136 87 68 2 #SUP: 2
122 133 135 136 87 68 2 6 #SUP: 2
122 133 135 136 87 68 6 #SUP: 2
122 133 135 136 87 52 #SUP: 2
122 133 135 136 87 52 2 #SUP: 2
122 133 135 136 87 52 6 #SUP: 2
122 133 135 136 87 52 2 6 #SUP: 2
122 133 135 136 87 2 #SUP: 2
122 133 135 136 87 2 6 #SUP: 2
122 133 135 136 87 6 #SUP: 2
122 133 135 136 66 #SUP: 2
122 133 135 136 66 68 #SUP: 2
122 133 135 136 66 68 52 #SUP: 2
122 133 135 136 66 68 52 2 #SUP: 2
122 133 135 136 66 68 52 6 #SUP: 2
122 133 135 136 66 68 52 2 6 #SUP: 2
122 133 135 136 66 68 2 #SUP: 2
122 133 135 136 66 68 2 6 #SUP: 2
122 133 135 136 66 68 6 #SUP: 2
122 133 135 136 66 52 #SUP: 2
122 133 135 136 66 52 2 #SUP: 2
122 133 135 136 66 52 6 #SUP: 2
122 133 135 136 66 52 2 6 #SUP: 2
122 133 135 136 66 2 #SUP: 2
122 133 135 136 66 2 6 #SUP: 2
122 133 135 136 66 6 #SUP: 2
122 133 135 136 68 #SUP: 2
122 133 135 136 68 52 #SUP: 2
122 133 135 136 68 52 2 #SUP: 2
122 133 135 136 68 52 6 #SUP: 2
122 133 135 136 68 52 2 6 #SUP: 2
122 133 135 136 68 2 #SUP: 2
122 133 135 136 68 2 6 #SUP: 2
122 133 135 136 68 6 #SUP: 2
122 133 135 136 52 #SUP: 2
122 133 135 136 52 2 #SUP: 2
122 133 135 136 52 6 #SUP: 2
122 133 135 136 52 2 6 #SUP: 2
122 133 135 136 2 #SUP: 2
122 133 135 136 2 6 #SUP: 2
122 133 135 136 6 #SUP: 2
122 133 135 53 #SUP: 2
122 133 135 53 87 #SUP: 2
122 133 135 53 87 66 #SUP: 2
122 133 135 53 87 66 68 #SUP: 2
122 133 135 53 87 66 68 52 #SUP: 2
122 133 135 53 87 66 68 52 2 #SUP: 2
122 133 135 53 87 66 68 52 6 #SUP: 2
122 133 135 53 87 66 68 52 2 6 #SUP: 2
122 133 135 53 87 66 68 2 #SUP: 2
122 133 135 53 87 66 68 2 6 #SUP: 2
122 133 135 53 87 66 68 6 #SUP: 2
122 133 135 53 87 66 52 #SUP: 2
122 133 135 53 87 66 52 2 #SUP: 2
122 133 135 53 87 66 52 6 #SUP: 2
122 133 135 53 87 66 52 2 6 #SUP: 2
122 133 135 53 87 66 2 #SUP: 2
122 133 135 53 87 66 2 6 #SUP: 2
122 133 135 53 87 66 6 #SUP: 2
122 133 135 53 87 68 #SUP: 2
122 133 135 53 87 68 52 #SUP: 2
122 133 135 53 87 68 52 2 #SUP: 2
122 133 135 53 87 68 52 6 #SUP: 2
122 133 135 53 87 68 52 2 6 #SUP: 2
122 133 135 53 87 68 2 #SUP: 2
122 133 135 53 87 68 2 6 #SUP: 2
122 133 135 53 87 68 6 #SUP: 2
122 133 135 53 87 52 #SUP: 2
122 133 135 53 87 52 2 #SUP: 2
122 133 135 53 87 52 6 #SUP: 2
122 133 135 53 87 52 2 6 #SUP: 2
122 133 135 53 87 2 #SUP: 2
122 133 135 53 87 2 6 #SUP: 2
122 133 135 53 87 6 #SUP: 2
122 133 135 53 66 #SUP: 2
122 133 135 53 66 68 #SUP: 2
122 133 135 53 66 68 52 #SUP: 2
122 133 135 53 66 68 52 2 #SUP: 2
122 133 135 53 66 68 52 6 #SUP: 2
122 133 135 53 66 68 52 2 6 #SUP: 2
122 133 135 53 66 68 2 #SUP: 2
122 133 135 53 66 68 2 6 #SUP: 2
122 133 135 53 66 68 6 #SUP: 2
122 133 135 53 66 52 #SUP: 2
122 133 135 53 66 52 2 #SUP: 2
122 133 135 53 66 52 6 #SUP: 2
122 133 135 53 66 52 2 6 #SUP: 2
122 133 135 53 66 2 #SUP: 2
122 133 135 53 66 2 6 #SUP: 2
122 133 135 53 66 6 #SUP: 2
122 133 135 53 68 #SUP: 2
122 133 135 53 68 52 #SUP: 2
122 133 135 53 68 52 2 #SUP: 2
122 133 135 53 68 52 6 #SUP: 2
122 133 135 53 68 52 2 6 #SUP: 2
122 133 135 53 68 2 #SUP: 2
122 133 135 53 68 2 6 #SUP: 2
122 133 135 53 68 6 #SUP: 2
122 133 135 53 52 #SUP: 2
122 133 135 53 52 2 #SUP: 2
122 133 135 53 52 6 #SUP: 2
122 133 135 53 52 2 6 #SUP: 2
122 133 135 53 2 #SUP: 2
122 133 135 53 2 6 #SUP: 2
122 133 135 53 6 #SUP: 2
122 133 135 87 #SUP: 2
122 133 135 87 66 #SUP: 2
122 133 135 87 66 68 #SUP: 2
122 133 135 87 66 68 52 #SUP: 2
122 133 135 87 66 68 52 2 #SUP: 2
122 133 135 87 66 68 52 6 #SUP: 2
122 133 135 87 66 68 52 2 6 #SUP: 2
122 133 135 87 66 68 2 #SUP: 2
122 133 135 87 66 68 2 6 #SUP: 2
122 133 135 87 66 68 6 #SUP: 2
122 133 135 87 66 52 #SUP: 2
122 133 135 87 66 52 2 #SUP: 2
122 133 135 87 66 52 6 #SUP: 2
122 133 135 87 66 52 2 6 #SUP: 2
122 133 135 87 66 2 #SUP: 2
122 133 135 87 66 2 6 #SUP: 2
122 133 135 87 66 6 #SUP: 2
122 133 135 87 68 #SUP: 2
122 133 135 87 68 52 #SUP: 2
122 133 135 87 68 52 2 #SUP: 2
122 133 135 87 68 52 6 #SUP: 2
122 133 135 87 68 52 2 6 #SUP: 2
122 133 135 87 68 2 #SUP: 2
122 133 135 87 68 2 6 #SUP: 2
122 133 135 87 68 6 #SUP: 2
122 133 135 87 52 #SUP: 2
122 133 135 87 52 2 #SUP: 2
122 133 135 87 52 6 #SUP: 2
122 133 135 87 52 2 6 #SUP: 2
122 133 135 87 2 #SUP: 2
122 133 135 87 2 6 #SUP: 2
122 133 135 87 6 #SUP: 2
122 133 135 66 #SUP: 2
122 133 135 66 68 #SUP: 2
122 133 135 66 68 52 #SUP: 2
122 133 135 66 68 52 2 #SUP: 2
122 133 135 66 68 52 6 #SUP: 2
122 133 135 66 68 52 2 6 #SUP: 2
122 133 135 66 68 2 #SUP: 2
122 133 135 66 68 2 6 #SUP: 2
122 133 135 66 68 6 #SUP: 2
122 133 135 66 52 #SUP: 2
122 133 135 66 52 2 #SUP: 2
122 133 135 66 52 6 #SUP: 2
122 133 135 66 52 2 6 #SUP: 2
122 133 135 66 2 #SUP: 2
122 133 135 66 2 6 #SUP: 2
122 133 135 66 6 #SUP: 2
122 133 135 68 #SUP: 2
122 133 135 68 52 #SUP: 2
122 133 135 68 52 2 #SUP: 2
122 133 135 68 52 6 #SUP: 2
122 133 135 68 52 2 6 #SUP: 2
122 133 135 68 2 #SUP: 2
122 133 135 68 2 6 #SUP: 2
122 133 135 68 6 #SUP: 2
122 133 135 52 #SUP: 2
122 133 135 52 2 #SUP: 2
122 133 135 52 6 #SUP: 2
122 133 135 52 2 6 #SUP: 2
122 133 135 2 #SUP: 2
122 133 135 2 6 #SUP: 2
122 133 135 6 #SUP: 2
122 133 136 #SUP: 2
122 133 136 53 #SUP: 2
122 133 136 53 87 #SUP: 2
122 133 136 53 87 66 #SUP: 2
122 133 136 53 87 66 68 #SUP: 2
122 133 136 53 87 66 68 52 #SUP: 2
122 133 136 53 87 66 68 52 2 #SUP: 2
122 133 136 53 87 66 68 52 6 #SUP: 2
122 133 136 53 87 66 68 52 2 6 #SUP: 2
122 133 136 53 87 66 68 2 #SUP: 2
122 133 136 53 87 66 68 2 6 #SUP: 2
122 133 136 53 87 66 68 6 #SUP: 2
122 133 136 53 87 66 52 #SUP: 2
122 133 136 53 87 66 52 2 #SUP: 2
122 133 136 53 87 66 52 6 #SUP: 2
122 133 136 53 87 66 52 2 6 #SUP: 2
122 133 136 53 87 66 2 #SUP: 2
122 133 136 53 87 66 2 6 #SUP: 2
122 133 136 53 87 66 6 #SUP: 2
122 133 136 53 87 68 #SUP: 2
122 133 136 53 87 68 52 #SUP: 2
122 133 136 53 87 68 52 2 #SUP: 2
122 133 136 53 87 68 52 6 #SUP: 2
122 133 136 53 87 68 52 2 6 #SUP: 2
122 133 136 53 87 68 2 #SUP: 2
122 133 136 53 87 68 2 6 #SUP: 2
122 133 136 53 87 68 6 #SUP: 2
122 133 136 53 87 52 #SUP: 2
122 133 136 53 87 52 2 #SUP: 2
122 133 136 53 87 52 6 #SUP: 2
122 133 136 53 87 52 2 6 #SUP: 2
122 133 136 53 87 2 #SUP: 2
122 133 136 53 87 2 6 #SUP: 2
122 133 136 53 87 6 #SUP: 2
122 133 136 53 66 #SUP: 2
122 133 136 53 66 68 #SUP: 2
122 133 136 53 66 68 52 #SUP: 2
122 133 136 53 66 68 52 2 #SUP: 2
122 133 136 53 66 68 52 6 #SUP: 2
122 133 136 53 66 68 52 2 6 #SUP: 2
122 133 136 53 66 68 2 #SUP: 2
122 133 136 53 66 68 2 6 #SUP: 2
122 133 136 53 66 68 6 #SUP: 2
122 133 136 53 66 52 #SUP: 2
122 133 136 53 66 52 2 #SUP: 2
122 133 136 53 66 52 6 #SUP: 2
122 133 136 53 66 52 2 6 #SUP: 2
122 133 136 53 66 2 #SUP: 2
122 133 136 53 66 2 6 #SUP: 2
122 133 136 53 66 6 #SUP: 2
122 133 136 53 68 #SUP: 2
122 133 136 53 68 52 #SUP: 2
122 133 136 53 68 52 2 #SUP: 2
122 133 136 53 68 52 6 #SUP: 2
122 133 136 53 68 52 2 6 #SUP: 2
122 133 136 53 68 2 #SUP: 2
122 133 136 53 68 2 6 #SUP: 2
122 133 136 53 68 6 #SUP: 2
122 133 136 53 52 #SUP: 2
122 133 136 53 52 2 #SUP: 2
122 133 136 53 52 6 #SUP: 2
122 133 136 53 52 2 6 #SUP: 2
122 133 136 53 2 #SUP: 2
122 133 136 53 2 6 #SUP: 2
122 133 136 53 6 #SUP: 2
122 133 136 87 #SUP: 2
122 133 136 87 66 #SUP: 2
122 133 136 87 66 68 #SUP: 2
122 133 136 87 66 68 52 #SUP: 2
122 133 136 87 66 68 52 2 #SUP: 2
122 133 136 87 66 68 52 6 #SUP: 2
122 133 136 87 66 68 52 2 6 #SUP: 2
122 133 136 87 66 68 2 #SUP: 2
122 133 136 87 66 68 2 6 #SUP: 2
122 133 136 87 66 68 6 #SUP: 2
122 133 136 87 66 52 #SUP: 2
122 133 136 87 66 52 2 #SUP: 2
122 133 136 87 66 52 6 #SUP: 2
122 133 136 87 66 52 2 6 #SUP: 2
122 133 136 87 66 2 #SUP: 2
122 133 136 87 66 2 6 #SUP: 2
122 133 136 87 66 6 #SUP: 2
122 133 136 87 68 #SUP: 2
122 133 136 87 68 52 #SUP: 2
122 133 136 87 68 52 2 #SUP: 2
122 133 136 87 68 52 6 #SUP: 2
122 133 136 87 68 52 2 6 #SUP: 2
122 133 136 87 68 2 #SUP: 2
122 133 136 87 68 2 6 #SUP: 2
122 133 136 87 68 6 #SUP: 2
122 133 136 87 52 #SUP: 2
122 133 136 87 52 2 #SUP: 2
122 133 136 87 52 6 #SUP: 2
122 133 136 87 52 2 6 #SUP: 2
122 133 136 87 2 #SUP: 2
122 133 136 87 2 6 #SUP: 2
122 133 136 87 6 #SUP: 2
122 133 136 66 #SUP: 2
122 133 136 66 68 #SUP: 2
122 133 136 66 68 52 #SUP: 2
122 133 136 66 68 52 2 #SUP: 2
122 133 136 66 68 52 6 #SUP: 2
122 133 136 66 68 52 2 6 #SUP: 2
122 133 136 66 68 2 #SUP: 2
122 133 136 66 68 2 6 #SUP: 2
122 133 136 66 68 6 #SUP: 2
122 133 136 66 52 #SUP: 2
122 133 136 66 52 2 #SUP: 2
122 133 136 66 52 6 #SUP: 2
122 133 136 66 52 2 6 #SUP: 2
122 133 136 66 2 #SUP: 2
122 133 136 66 2 6 #SUP: 2
122 133 136 66 6 #SUP: 2
122 133 136 68 #SUP: 2
122 133 136 68 52 #SUP: 2
122 133 136 68 52 2 #SUP: 2
122 133 136 68 52 6 #SUP: 2
122 133 136 68 52 2 6 #SUP: 2
122 133 136 68 2 #SUP: 2
122 133 136 68 2 6 #SUP: 2
122 133 136 68 6 #SUP: 2
122 133 136 52 #SUP: 2
122 133 136 52 2 #SUP: 2
122 133 136 52 6 #SUP: 2
122 133 136 52 2 6 #SUP: 2
122 133 136 2 #SUP: 2
122 133 136 2 6 #SUP: 2
122 133 136 6 #SUP: 2
122 133 53 #SUP: 2
122 133 53 87 #SUP: 2
122 133 53 87 66 #SUP: 2
122 133 53 87 66 68 #SUP: 2
122 133 53 87 66 68 52 #SUP: 2
122 133 53 87 66 68 52 2 #SUP: 2
122 133 53 87 66 68 52 6 #SUP: 2
122 133 53 87 66 68 52 2 6 #SUP: 2
122 133 53 87 66 68 2 #SUP: 2
122 133 53 87 66 68 2 6 #SUP: 2
122 133 53 87 66 68 6 #SUP: 2
122 133 53 87 66 52 #SUP: 2
122 133 53 87 66 52 2 #SUP: 2
122 133 53 87 66 52 6 #SUP: 2
122 133 53 87 66 52 2 6 #SUP: 2
122 133 53 87 66 2 #SUP: 2
122 133 53 87 66 2 6 #SUP: 2
122 133 53 87 66 6 #SUP: 2
122 133 53 87 68 #SUP: 2
122 133 53 87 68 52 #SUP: 2
122 133 53 87 68 52 2 #SUP: 2
122 133 53 87 68 52 6 #SUP: 2
122 133 53 87 68 52 2 6 #SUP: 2
122 133 53 87 68 2 #SUP: 2
122 133 53 87 68 2 6 #SUP: 2
122 133 53 87 68 6 #SUP: 2
122 133 53 87 52 #SUP: 2
122 133 53 87 52 2 #SUP: 2
122 133 53 87 52 6 #SUP: 2
122 133 53 87 52 2 6 #SUP: 2
122 133 53 87 2 #SUP: 2
122 133 53 87 2 6 #SUP: 2
122 133 53 87 6 #SUP: 2
122 133 53 66 #SUP: 2
122 133 53 66 68 #SUP: 2
122 133 53 66 68 52 #SUP: 2
122 133 53 66 68 52 2 #SUP: 2
122 133 53 66 68 52 6 #SUP: 2
122 133 53 66 68 52 2 6 #SUP: 2
122 133 53 66 68 2 #SUP: 2
122 133 53 66 68 2 6 #SUP: 2
122 133 53 66 68 6 #SUP: 2
122 133 53 66 52 #SUP: 2
122 133 53 66 52 2 #SUP: 2
122 133 53 66 52 6 #SUP: 2
122 133 53 66 52 2 6 #SUP: 2
122 133 53 66 2 #SUP: 2
122 133 53 66 2 6 #SUP: 2
122 133 53 66 6 #SUP: 2
122 133 53 68 #SUP: 2
122 133 53 68 52 #SUP: 2
122 133 53 68 52 2 #SUP: 2
122 133 53 68 52 6 #SUP: 2
122 133 53 68 52 2 6 #SUP: 2
122 133 53 68 2 #SUP: 2
122 133 53 68 2 6 #SUP: 2
122 133 53 68 6 #SUP: 2
122 133 53 52 #SUP: 2
122 133 53 52 2 #SUP: 2
122 133 53 52 6 #SUP: 2
122 133 53 52 2 6 #SUP: 2
122 133 53 2 #SUP: 2
122 133 53 2 6 #SUP: 2
122 133 53 6 #SUP: 2
122 133 87 #SUP: 2
122 133 87 66 #SUP: 2
122 133 87 66 68 #SUP: 2
122 133 87 66 68 52 #SUP: 2
122 133 87 66 68 52 2 #SUP: 2
122 133 87 66 68 52 6 #SUP: 2
122 133 87 66 68 52 2 6 #SUP: 2
122 133 87 66 68 2 #SUP: 2
122 133 87 66 68 2 6 #SUP: 2
122 133 87 66 68 6 #SUP: 2
122 133 87 66 52 #SUP: 2
122 133 87 66 52 2 #SUP: 2
122 133 87 66 52 6 #SUP: 2
122 133 87 66 52 2 6 #SUP: 2
122 133 87 66 2 #SUP: 2
122 133 87 66 2 6 #SUP: 2
122 133 87 66 6 #SUP: 2
122 133 87 68 #SUP: 2
122 133 87 68 52 #SUP: 2
122 133 87 68 52 2 #SUP: 2
122 133 87 68 52 6 #SUP: 2
122 133 87 68 52 2 6 #SUP: 2
122 133 87 68 2 #SUP: 2
122 133 87 68 2 6 #SUP: 2
122 133 87 68 6 #SUP: 2
122 133 87 52 #SUP: 2
122 133 87 52 2 #SUP: 2
122 133 87 52 6 #SUP: 2
122 133 87 52 2 6 #SUP: 2
122 133 87 2 #SUP: 2
122 133 87 2 6 #SUP: 2
122 133 87 6 #SUP: 2
122 133 66 #SUP: 2
122 133 66 68 #SUP: 2
122 133 66 68 52 #SUP: 2
122 133 66 68 52 2 #SUP: 2
122 133 66 68 52 6 #SUP: 2
122 133 66 68 52 2 6 #SUP: 2
122 133 66 68 2 #SUP: 2
122 133 66 68 2 6 #SUP: 2
122 133 66 68 6 #SUP: 2
122 133 66 52 #SUP: 2
122 133 66 52 2 #SUP: 2
122 133 66 52 6 #SUP: 2
122 133 66 52 2 6 #SUP: 2
122 133 66 2 #SUP: 2
122 133 66 2 6 #SUP: 2
122 133 66 6 #SUP: 2
122 133 68 #SUP: 2
122 133 68 52 #SUP: 2
122 133 68 52 2 #SUP: 2
122 133 68 52 6 #SUP: 2
122 133 68 52 2 6 #SUP: 2
122 133 68 2 #SUP: 2
122 133 68 2 6 #SUP: 2
122 133 68 6 #SUP: 2
122 133 52 #SUP: 2
122 133 52 2 #SUP: 2
122 133 52 6 #SUP: 2
122 133 52 2 6 #SUP: 2
122 133 2 #SUP: 2
122 133 2 6 #SUP: 2
122 133 6 #SUP: 2
122 135 #SUP: 2
122 135 136 #SUP: 2
122 135 136 53 #SUP: 2
122 135 136 53 87 #SUP: 2
122 135 136 53 87 66 #SUP: 2
122 135 136 53 87 66 68 #SUP: 2
122 135 136 53 87 66 68 52 #SUP: 2
122 135 136 53 87 66 68 52 2 #SUP: 2
122 135 136 53 87 66 68 52 6 #SUP: 2
122 135 136 53 87 66 68 52 2 6 #SUP: 2
122 135 136 53 87 66 68 2 #SUP: 2
122 135 136 53 87 66 68 2 6 #SUP: 2
122 135 136 53 87 66 68 6 #SUP: 2
122 135 136 53 87 66 52 #SUP: 2
122 135 136 53 87 66 52 2 #SUP: 2
122 135 136 53 87 66 52 6 #SUP: 2
122 135 136 53 87 66 52 2 6 #SUP: 2
122 135 136 53 87 66 2 #SUP: 2
122 135 136 53 87 66 2 6 #SUP: 2
122 135 136 53 87 66 6 #SUP: 2
122 135 136 53 87 68 #SUP: 2
122 135 136 53 87 68 52 #SUP: 2
122 135 136 53 87 68 52 2 #SUP: 2
122 135 136 53 87 68 52 6 #SUP: 2
122 135 136 53 87 68 52 2 6 #SUP: 2
122 135 136 53 87 68 2 #SUP: 2
122 135 136 53 87 68 2 6 #SUP: 2
122 135 136 53 87 68 6 #SUP: 2
122 135 136 53 87 52 #SUP: 2
122 135 136 53 87 52 2 #SUP: 2
122 135 136 53 87 52 6 #SUP: 2
122 135 136 53 87 52 2 6 #SUP: 2
122 135 136 53 87 2 #SUP: 2
122 135 136 53 87 2 6 #SUP: 2
122 135 136 53 87 6 #SUP: 2
122 135 136 53 66 #SUP: 2
122 135 136 53 66 68 #SUP: 2
122 135 136 53 66 68 52 #SUP: 2
122 135 136 53 66 68 52 2 #SUP: 2
122 135 136 53 66 68 52 6 #SUP: 2
122 135 136 53 66 68 52 2 6 #SUP: 2
122 135 136 53 66 68 2 #SUP: 2
122 135 136 53 66 68 2 6 #SUP: 2
122 135 136 53 66 68 6 #SUP: 2
122 135 136 53 66 52 #SUP: 2
122 135 136 53 66 52 2 #SUP: 2
122 135 136 53 66 52 6 #SUP: 2
122 135 136 53 66 52 2 6 #SUP: 2
122 135 136 53 66 2 #SUP: 2
122 135 136 53 66 2 6 #SUP: 2
122 135 136 53 66 6 #SUP: 2
122 135 136 53 68 #SUP: 2
122 135 136 53 68 52 #SUP: 2
122 135 136 53 68 52 2 #SUP: 2
122 135 136 53 68 52 6 #SUP: 2
122 135 136 53 68 52 2 6 #SUP: 2
122 135 136 53 68 2 #SUP: 2
122 135 136 53 68 2 6 #SUP: 2
122 135 136 53 68 6 #SUP: 2
122 135 136 53 52 #SUP: 2
122 135 136 53 52 2 #SUP: 2
122 135 136 53 52 6 #SUP: 2
122 135 136 53 52 2 6 #SUP: 2
122 135 136 53 2 #SUP: 2
122 135 136 53 2 6 #SUP: 2
122 135 136 53 6 #SUP: 2
122 135 136 87 #SUP: 2
122 135 136 87 66 #SUP: 2
122 135 136 87 66 68 #SUP: 2
122 135 136 87 66 68 52 #SUP: 2
122 135 136 87 66 68 52 2 #SUP: 2
122 135 136 87 66 68 52 6 #SUP: 2
122 135 136 87 66 68 52 2 6 #SUP: 2
122 135 136 87 66 68 2 #SUP: 2
122 135 136 87 66 68 2 6 #SUP: 2
122 135 136 87 66 68 6 #SUP: 2
122 135 136 87 66 52 #SUP: 2
122 135 136 87 66 52 2 #SUP: 2
122 135 136 87 66 52 6 #SUP: 2
122 135 136 87 66 52 2 6 #SUP: 2
122 135 136 87 66 2 #SUP: 2
122 135 136 87 66 2 6 #SUP: 2
122 135 136 87 66 6 #SUP: 2
122 135 136 87 68 #SUP: 2
122 135 136 87 68 52 #SUP: 2
122 135 136 87 68 52 2 #SUP: 2
122 135 136 87 68 52 6 #SUP: 2
122 135 136 87 68 52 2 6 #SUP: 2
122 135 136 87 68 2 #SUP: 2
122 135 136 87 68 2 6 #SUP: 2
122 135 136 87 68 6 #SUP: 2
122 135 136 87 52 #SUP: 2
122 135 136 87 52 2 #SUP: 2
122 135 136 87 52 6 #SUP: 2
122 135 136 87 52 2 6 #SUP: 2
122 135 136 87 2 #SUP: 2
122 135 136 87 2 6 #SUP: 2
122 135 136 87 6 #SUP: 2
122 135 136 66 #SUP: 2
122 135 136 66 68 #SUP: 2
122 135 136 66 68 52 #SUP: 2
122 135 136 66 68 52 2 #SUP: 2
122 135 136 66 68 52 6 #SUP: 2
122 135 136 66 68 52 2 6 #SUP: 2
122 135 136 66 68 2 #SUP: 2
122 135 136 66 68 2 6 #SUP: 2
122 135 136 66 68 6 #SUP: 2
122 135 136 66 52 #SUP: 2
122 135 136 66 52 2 #SUP: 2
122 135 136 66 52 6 #SUP: 2
122 135 136 66 52 2 6 #SUP: 2
122 135 136 66 2 #SUP: 2
122 135 136 66 2 6 #SUP: 2
122 135 136 66 6 #SUP: 2
122 135 136 68 #SUP: 2
122 135 136 68 52 #SUP: 2
122 135 136 68 52 2 #SUP: 2
122 135 136 68 52 6 #SUP: 2
122 135 136 68 52 2 6 #SUP: 2
122 135 136 68 2 #SUP: 2
122 135 136 68 2 6 #SUP: 2
122 135 136 68 6 #SUP: 2
122 135 136 52 #SUP: 2
122 135 136 52 2 #SUP: 2
122 135 136 52 6 #SUP: 2
122 135 136 52 2 6 #SUP: 2
122 135 136 2 #SUP: 2
122 135 136 2 6 #SUP: 2
122 135 136 6 #SUP: 2
122 135 53 #SUP: 2
122 135 53 87 #SUP: 2
122 135 53 87 66 #SUP: 2
122 135 53 87 66 68 #SUP: 2
122 135 53 87 66 68 52 #SUP: 2
122 135 53 87 66 68 52 2 #SUP: 2
122 135 53 87 66 68 52 6 #SUP: 2
122 135 53 87 66 68 52 2 6 #SUP: 2
122 135 53 87 66 68 2 #SUP: 2
122 135 53 87 66 68 2 6 #SUP: 2
122 135 53 87 66 68 6 #SUP: 2
122 135 53 87 66 52 #SUP: 2
122 135 53 87 66 52 2 #SUP: 2
122 135 53 87 66 52 6 #SUP: 2
122 135 53 87 66 52 2 6 #SUP: 2
122 135 53 87 66 2 #SUP: 2
122 135 53 87 66 2 6 #SUP: 2
122 135 53 87 66 6 #SUP: 2
122 135 53 87 68 #SUP: 2
122 135 53 87 68 52 #SUP: 2
122 135 53 87 68 52 2 #SUP: 2
122 135 53 87 68 52 6 #SUP: 2
122 135 53 87 68 52 2 6 #SUP: 2
122 135 53 87 68 2 #SUP: 2
122 135 53 87 68 2 6 #SUP: 2
122 135 53 87 68 6 #SUP: 2
122 135 53 87 52 #SUP: 2
122 135 53 87 52 2 #SUP: 2
122 135 53 87 52 6 #SUP: 2
122 135 53 87 52 2 6 #SUP: 2
122 135 53 87 2 #SUP: 2
122 135 53 87 2 6 #SUP: 2
122 135 53 87 6 #SUP: 2
122 135 53 66 #SUP: 2
122 135 53 66 68 #SUP: 2
122 135 53 66 68 52 #SUP: 2
122 135 53 66 68 52 2 #SUP: 2
122 135 53 66 68 52 6 #SUP: 2
122 135 53 66 68 52 2 6 #SUP: 2
122 135 53 66 68 2 #SUP: 2
122 135 53 66 68 2 6 #SUP: 2
122 135 53 66 68 6 #SUP: 2
122 135 53 66 52 #SUP: 2
122 135 53 66 52 2 #SUP: 2
122 135 53 66 52 6 #SUP: 2
122 135 53 66 52 2 6 #SUP: 2
122 135 53 66 2 #SUP: 2
122 135 53 66 2 6 #SUP: 2
122 135 53 66 6 #SUP: 2
122 135 53 68 #SUP: 2
122 135 53 68 52 #SUP: 2
122 135 53 68 52 2 #SUP: 2
122 135 53 68 52 6 #SUP: 2
122 135 53 68 52 2 6 #SUP: 2
122 135 53 68 2 #SUP: 2
122 135 53 68 2 6 #SUP: 2
122 135 53 68 6 #SUP: 2
122 135 53 52 #SUP: 2
122 135 53 52 2 #SUP: 2
122 135 53 52 6 #SUP: 2
122 135 53 52 2 6 #SUP: 2
122 135 53 2 #SUP: 2
122 135 53 2 6 #SUP: 2
122 135 53 6 #SUP: 2
122 135 87 #SUP: 2
122 135 87 66 #SUP: 2
122 135 87 66 68 #SUP: 2
122 135 87 66 68 52 #SUP: 2
122 135 87 66 68 52 2 #SUP: 2
122 135 87 66 68 52 6 #SUP: 2
122 135 87 66 68 52 2 6 #SUP: 2
122 135 87 66 68 2 #SUP: 2
122 135 87 66 68 2 6 #SUP: 2
122 135 87 66 68 6 #SUP: 2
122 135 87 66 52 #SUP: 2
122 135 87 66 52 2 #SUP: 2
122 135 87 66 52 6 #SUP: 2
122 135 87 66 52 2 6 #SUP: 2
122 135 87 66 2 #SUP: 2
122 135 87 66 2 6 #SUP: 2
122 135 87 66 6 #SUP: 2
122 135 87 68 #SUP: 2
122 135 87 68 52 #SUP: 2
122 135 87 68 52 2 #SUP: 2
122 135 87 68 52 6 #SUP: 2
122 135 87 68 52 2 6 #SUP: 2
122 135 87 68 2 #SUP: 2
122 135 87 68 2 6 #SUP: 2
122 135 87 68 6 #SUP: 2
122 135 87 52 #SUP: 2
122 135 87 52 2 #SUP: 2
122 135 87 52 6 #SUP: 2
122 135 87 52 2 6 #SUP: 2
122 135 87 2 #SUP: 2
122 135 87 2 6 #SUP: 2
122 135 87 6 #SUP: 2
122 135 66 #SUP: 2
122 135 66 68 #SUP: 2
122 135 66 68 52 #SUP: 2
122 135 66 68 52 2 #SUP: 2
122 135 66 68 52 6 #SUP: 2
122 135 66 68 52 2 6 #SUP: 2
122 135 66 68 2 #SUP: 2
122 135 66 68 2 6 #SUP: 2
122 135 66 68 6 #SUP: 2
122 135 66 52 #SUP: 2
122 135 66 52 2 #SUP: 2
122 135 66 52 6 #SUP: 2
122 135 66 52 2 6 #SUP: 2
122 135 66 2 #SUP: 2
122 135 66 2 6 #SUP: 2
122 135 66 6 #SUP: 2
122 135 68 #SUP: 2
122 135 68 52 #SUP: 2
122 135 68 52 2 #SUP: 2
122 135 68 52 6 #SUP: 2
122 135 68 52 2 6 #SUP: 2
122 135 68 2 #SUP: 2
122 135 68 2 6 #SUP: 2
122 135 68 6 #SUP: 2
122 135 52 #SUP: 2
122 135 52 2 #SUP: 2
122 135 52 6 #SUP: 2
122 135 52 2 6 #SUP: 2
122 135 2 #SUP: 2
122 135 2 6 #SUP: 2
122 135 6 #SUP: 2
122 136 #SUP: 2
122 136 53 #SUP: 2
122 136 53 87 #SUP: 2
122 136 53 87 66 #SUP: 2
122 136 53 87 66 68 #SUP: 2
122 136 53 87 66 68 52 #SUP: 2
122 136 53 87 66 68 52 2 #SUP: 2
122 136 53 87 66 68 52 6 #SUP: 2
122 136 53 87 66 68 52 2 6 #SUP: 2
122 136 53 87 66 68 2 #SUP: 2
122 136 53 87 66 68 2 6 #SUP: 2
122 136 53 87 66 68 6 #SUP: 2
122 136 53 87 66 52 #SUP: 2
122 136 53 87 66 52 2 #SUP: 2
122 136 53 87 66 52 6 #SUP: 2
122 136 53 87 66 52 2 6 #SUP: 2
122 136 53 87 66 2 #SUP: 2
122 136 53 87 66 2 6 #SUP: 2
122 136 53 87 66 6 #SUP: 2
122 136 53 87 68 #SUP: 2
122 136 53 87 68 52 #SUP: 2
122 136 53 87 68 52 2 #SUP: 2
122 136 53 87 68 52 6 #SUP: 2
122 136 53 87 68 52 2 6 #SUP: 2
122 136 53 87 68 2 #SUP: 2
122 136 53 87 68 2 6 #SUP: 2
122 136 53 87 68 6 #SUP: 2
122 136 53 87 52 #SUP: 2
122 136 53 87 52 2 #SUP: 2
122 136 53 87 52 6 #SUP: 2
122 136 53 87 52 2 6 #SUP: 2
122 136 53 87 2 #SUP: 2
122 136 53 87 2 6 #SUP: 2
122 136 53 87 6 #SUP: 2
122 136 53 66 #SUP: 2
122 136 53 66 68 #SUP: 2
122 136 53 66 68 52 #SUP: 2
122 136 53 66 68 52 2 #SUP: 2
122 136 53 66 68 52 6 #SUP: 2
122 136 53 66 68 52 2 6 #SUP: 2
122 136 53 66 68 2 #SUP: 2
122 136 53 66 68 2 6 #SUP: 2
122 136 53 66 68 6 #SUP: 2
122 136 53 66 52 #SUP: 2
122 136 53 66 52 2 #SUP: 2
122 136 53 66 52 6 #SUP: 2
122 136 53 66 52 2 6 #SUP: 2
122 136 53 66 2 #SUP: 2
122 136 53 66 2 6 #SUP: 2
122 136 53 66 6 #SUP: 2
122 136 53 68 #SUP: 2
122 136 53 68 52 #SUP: 2
122 136 53 68 52 2 #SUP: 2
122 136 53 68 52 6 #SUP: 2
122 136 53 68 52 2 6 #SUP: 2
122 136 53 68 2 #SUP: 2
122 136 53 68 2 6 #SUP: 2
122 136 53 68 6 #SUP: 2
122 136 53 52 #SUP: 2
122 136 53 52 2 #SUP: 2
122 136 53 52 6 #SUP: 2
122 136 53 52 2 6 #SUP: 2
122 136 53 2 #SUP: 2
122 136 53 2 6 #SUP: 2
122 136 53 6 #SUP: 2
122 136 87 #SUP: 2
122 136 87 66 #SUP: 2
122 136 87 66 68 #SUP: 2
122 136 87 66 68 52 #SUP: 2
122 136 87 66 68 52 2 #SUP: 2
122 136 87 66 68 52 6 #SUP: 2
122 136 87 66 68 52 2 6 #SUP: 2
122 136 87 66 68 2 #SUP: 2
122 136 87 66 68 2 6 #SUP: 2
122 136 87 66 68 6 #SUP: 2
122 136 87 66 52 #SUP: 2
122 136 87 66 52 2 #SUP: 2
122 136 87 66 52 6 #SUP: 2
122 136 87 66 52 2 6 #SUP: 2
122 136 87 66 2 #SUP: 2
122 136 87 66 2 6 #SUP: 2
122 136 87 66 6 #SUP: 2
122 136 87 68 #SUP: 2
122 136 87 68 52 #SUP: 2
122 136 87 68 52 2 #SUP: 2
122 136 87 68 52 6 #SUP: 2
122 136 87 68 52 2 6 #SUP: 2
122 136 87 68 2 #SUP: 2
122 136 87 68 2 6 #SUP: 2
122 136 87 68 6 #SUP: 2
122 136 87 52 #SUP: 2
122 136 87 52 2 #SUP: 2
122 136 87 52 6 #SUP: 2
122 136 87 52 2 6 #SUP: 2
122 136 87 2 #SUP: 2
122 136 87 2 6 #SUP: 2
122 136 87 6 #SUP: 2
122 136 66 #SUP: 2
122 136 66 68 #SUP: 2
122 136 66 68 52 #SUP: 2
122 136 66 68 52 2 #SUP: 2
122 136 66 68 52 6 #SUP: 2
122 136 66 68 52 2 6 #SUP: 2
122 136 66 68 2 #SUP: 2
122 136 66 68 2 6 #SUP: 2
122 136 66 68 6 #SUP: 2
122 136 66 52 #SUP: 2
122 136 66 52 2 #SUP: 2
122 136 66 52 6 #SUP: 2
122 136 66 52 2 6 #SUP: 2
122 136 66 2 #SUP: 2
122 136 66 2 6 #SUP: 2
122 136 66 6 #SUP: 2
122 136 68 #SUP: 2
122 136 68 52 #SUP: 2
122 136 68 52 2 #SUP: 2
122 136 68 52 6 #SUP: 2
122 136 68 52 2 6 #SUP: 2
122 136 68 2 #SUP: 2
122 136 68 2 6 #SUP: 2
122 136 68 6 #SUP: 2
122 136 52 #SUP: 2
122 136 52 2 #SUP: 2
122 136 52 6 #SUP: 2
122 136 52 2 6 #SUP: 2
122 136 2 #SUP: 2
122 136 2 6 #SUP: 2
122 136 6 #SUP: 2
122 53 #SUP: 2
122 53 87 #SUP: 2
122 53 87 66 #SUP: 2
122 53 87 66 68 #SUP: 2
122 53 87 66 68 52 #SUP: 2
122 53 87 66 68 52 2 #SUP: 2
122 53 87 66 68 52 6 #SUP: 2
122 53 87 66 68 52 2 6 #SUP: 2
122 53 87 66 68 2 #SUP: 2
122 53 87 66 68 2 6 #SUP: 2
122 53 87 66 68 6 #SUP: 2
122 53 87 66 52 #SUP: 2
122 53 87 66 52 2 #SUP: 2
122 53 87 66 52 6 #SUP: 2
122 53 87 66 52 2 6 #SUP: 2
122 53 87 66 2 #SUP: 2
122 53 87 66 2 6 #SUP: 2
122 53 87 66 6 #SUP: 2
122 53 87 68 #SUP: 2
122 53 87 68 52 #SUP: 2
122 53 87 68 52 2 #SUP: 2
122 53 87 68 52 6 #SUP: 2
122 53 87 68 52 2 6 #SUP: 2
122 53 87 68 2 #SUP: 2
122 53 87 68 2 6 #SUP: 2
122 53 87 68 6 #SUP: 2
122 53 87 52 #SUP: 2
122 53 87 52 2 #SUP: 2
122 53 87 52 6 #SUP: 2
122 53 87 52 2 6 #SUP: 2
122 53 87 2 #SUP: 2
122 53 87 2 6 #SUP: 2
122 53 87 6 #SUP: 2
122 53 66 #SUP: 2
122 53 66 68 #SUP: 2
122 53 66 68 52 #SUP: 2
122 53 66 68 52 2 #SUP: 2
122 53 66 68 52 6 #SUP: 2
122 53 66 68 52 2 6 #SUP: 2
122 53 66 68 2 #SUP: 2
122 53 66 68 2 6 #SUP: 2
122 53 66 68 6 #SUP: 2
122 53 66 52 #SUP: 2
122 53 66 52 2 #SUP: 2
122 53 66 52 6 #SUP: 2
122 53 66 52 2 6 #SUP: 2
122 53 66 2 #SUP: 2
122 53 66 2 6 #SUP: 2
122 53 66 6 #SUP: 2
122 53 68 #SUP: 2
122 53 68 52 #SUP: 2
122 53 68 52 2 #SUP: 2
122 53 68 52 6 #SUP: 2
122 53 68 52 2 6 #SUP: 2
122 53 68 2 #SUP: 2
122 53 68 2 6 #SUP: 2
122 53 68 6 #SUP: 2
122 53 52 #SUP: 2
122 53 52 2 #SUP: 2
122 53 52 6 #SUP: 2
122 53 52 2 6 #SUP: 2
122 53 2 #SUP: 2
122 53 2 6 #SUP: 2
122 53 6 #SUP: 2
122 87 #SUP: 2
122 87 66 #SUP: 2
122 87 66 68 #SUP: 2
122 87 66 68 52 #SUP: 2
122 87 66 68 52 2 #SUP: 2
122 87 66 68 52 6 #SUP: 2
122 87 66 68 52 2 6 #SUP: 2
122 87 66 68 2 #SUP: 2
122 87 66 68 2 6 #SUP: 2
122 87 66 68 6 #SUP: 2
122 87 66 52 #SUP: 2
122 87 66 52 2 #SUP: 2
122 87 66 52 6 #SUP: 2
122 87 66 52 2 6 #SUP: 2
122 87 66 2 #SUP: 2
122 87 66 2 6 #SUP: 2
122 87 66 6 #SUP: 2
122 87 68 #SUP: 2
122 87 68 52 #SUP: 2
122 87 68 52 2 #SUP: 2
122 87 68 52 6 #SUP: 2
122 87 68 52 2 6 #SUP: 2
122 87 68 2 #SUP: 2
122 87 68 2 6 #SUP: 2
122 87 68 6 #SUP: 2
122 87 52 #SUP: 2
122 87 52 2 #SUP: 2
122 87 52 6 #SUP: 2
122 87 52 2 6 #SUP: 2
122 87 2 #SUP: 2
122 87 2 6 #SUP: 2
122 87 6 #SUP: 2
122 66 #SUP: 2
122 66 68 #SUP: 2
122 66 68 52 #SUP: 2
122 66 68 52 2 #SUP: 2
122 66 68 52 6 #SUP: 2
122 66 68 52 2 6 #SUP: 2
122 66 68 2 #SUP: 2
122 66 68 2 6 #SUP: 2
122 66 68 6 #SUP: 2
122 66 52 #SUP: 2
122 66 52 2 #SUP: 2
122 66 52 6 #SUP: 2
122 66 52 2 6 #SUP: 2
122 66 2 #SUP: 2
122 66 2 6 #SUP: 2
122 66 6 #SUP: 2
122 68 #SUP: 2
122 68 52 #SUP: 2
122 68 52 2 #SUP: 2
122 68 52 6 #SUP: 2
122 68 52 2 6 #SUP: 2
122 68 2 #SUP: 2
122 68 2 6 #SUP: 2
122 68 6 #SUP: 2
122 52 #SUP: 2
122 52 2 #SUP: 2
122 52 6 #SUP: 2
122 52 2 6 #SUP: 2
122 2 #SUP: 2
122 2 6 #SUP: 2
122 6 #SUP: 2
133 135 #SUP: 2
133 135 136 #SUP: 2
133 135 136 53 #SUP: 2
133 135 136 53 87 #SUP: 2
133 135 136 53 87 66 #SUP: 2
133 135 136 53 87 66 68 #SUP: 2
133 135 136 53 87 66 68 52 #SUP: 2
133 135 136 53 87 66 68 52 2 #SUP: 2
133 135 136 53 87 66 68 52 6 #SUP: 2
133 135 136 53 87 66 68 52 2 6 #SUP: 2
133 135 136 53 87 66 68 2 #SUP: 2
133 135 136 53 87 66 68 2 6 #SUP: 2
133 135 136 53 87 66 68 6 #SUP: 2
133 135 136 53 87 66 52 #SUP: 2
133 135 136 53 87 66 52 2 #SUP: 2
133 135 136 53 87 66 52 6 #SUP: 2
133 135 136 53 87 66 52 2 6 #SUP: 2
133 135 136 53 87 66 2 #SUP: 2
133 135 136 53 87 66 2 6 #SUP: 2
133 135 136 53 87 66 6 #SUP: 2
133 135 136 53 87 68 #SUP: 2
133 135 136 53 87 68 52 #SUP: 2
133 135 136 53 87 68 52 2 #SUP: 2
133 135 136 53 87 68 52 6 #SUP: 2
133 135 136 53 87 68 52 2 6 #SUP: 2
133 135 136 53 87 68 2 #SUP: 2
133 135 136 53 87 68 2 6 #SUP: 2
133 135 136 53 87 68 6 #SUP: 2
133 135 136 53 87 52 #SUP: 2
133 135 136 53 87 52 2 #SUP: 2
133 135 136 53 87 52 6 #SUP: 2
133 135 136 53 87 52 2 6 #SUP: 2
133 135 136 53 87 2 #SUP: 2
133 135 136 53 87 2 6 #SUP: 2
133 135 136 53 87 6 #SUP: 2
133 135 136 53 66 #SUP: 2
133 135 136 53 66 68 #SUP: 2
133 135 136 53 66 68 52 #SUP: 2
133 135 136 53 66 68 52 2 #SUP: 2
133 135 136 53 66 68 52 6 #SUP: 2
133 135 136 53 66 68 52 2 6 #SUP: 2
133 135 136 53 66 68 2 #SUP: 2
133 135 136 53 66 68 2 6 #SUP: 2
133 135 136 53 66 68 6 #SUP: 2
133 135 136 53 66 52 #SUP: 2
133 135 136 53 66 52 2 #SUP: 2
133 135 136 53 66 52 6 #SUP: 2
133 135 136 53 66 52 2 6 #SUP: 2
133 135 136 53 66 2 #SUP: 2
133 135 136 53 66 2 6 #SUP: 2
133 135 136 53 66 6 #SUP: 2
133 135 136 53 68 #SUP: 2
133 135 136 53 68 52 #SUP: 2
133 135 136 53 68 52 2 #SUP: 2
133 135 136 53 68 52 6 #SUP: 2
133 135 136 53 68 52 2 6 #SUP: 2
133 135 136 53 68 2 #SUP: 2
133 135 136 53 68 2 6 #SUP: 2
133 135 136 53 68 6 #SUP: 2
133 135 136 53 52 #SUP: 2
133 135 136 53 52 2 #SUP: 2
133 135 136 53 52 6 #SUP: 2
133 135 136 53 52 2 6 #SUP: 2
133 135 136 53 2 #SUP: 2
133 135 136 53 2 6 #SUP: 2
133 135 136 53 6 #SUP: 2
133 135 136 87 #SUP: 2
133 135 136 87 66 #SUP: 2
133 135 136 87 66 68 #SUP: 2
133 135 136 87 66 68 52 #SUP: 2
133 135 136 87 66 68 52 2 #SUP: 2
133 135 136 87 66 68 52 6 #SUP: 2
133 135 136 87 66 68 52 2 6 #SUP: 2
133 135 136 87 66 68 2 #SUP: 2
133 135 136 87 66 68 2 6 #SUP: 2
133 135 136 87 66 68 6 #SUP: 2
133 135 136 87 66 52 #SUP: 2
133 135 136 87 66 52 2 #SUP: 2
133 135 136 87 66 52 6 #SUP: 2
133 135 136 87 66 52 2 6 #SUP: 2
133 135 136 87 66 2 #SUP: 2
133 135 136 87 66 2 6 #SUP: 2
133 135 136 87 66 6 #SUP: 2
133 135 136 87 68 #SUP: 2
133 135 136 87 68 52 #SUP: 2
133 135 136 87 68 52 2 #SUP: 2
133 135 136 87 68 52 6 #SUP: 2
133 135 136 87 68 52 2 6 #SUP: 2
133 135 136 87 68 2 #SUP: 2
133 135 136 87 68 2 6 #SUP: 2
133 135 136 87 68 6 #SUP: 2
133 135 136 87 52 #SUP: 2
133 135 136 87 52 2 #SUP: 2
133 135 136 87 52 6 #SUP: 2
133 135 136 87 52 2 6 #SUP: 2
133 135 136 87 2 #SUP: 2
133 135 136 87 2 6 #SUP: 2
133 135 136 87 6 #SUP: 2
133 135 136 66 #SUP: 2
133 135 136 66 68 #SUP: 2
133 135 136 66 68 52 #SUP: 2
133 135 136 66 68 52 2 #SUP: 2
133 135 136 66 68 52 6 #SUP: 2
133 135 136 66 68 52 2 6 #SUP: 2
133 135 136 66 68 2 #SUP: 2
133 135 136 66 68 2 6 #SUP: 2
133 135 136 66 68 6 #SUP: 2
133 135 136 66 52 #SUP: 2
133 135 136 66 52 2 #SUP: 2
133 135 136 66 52 6 #SUP: 2
133 135 136 66 52 2 6 #SUP: 2
133 135 136 66 2 #SUP: 2
133 135 136 66 2 6 #SUP: 2
133 135 136 66 6 #SUP: 2
133 135 136 68 #SUP: 2
133 135 136 68 52 #SUP: 2
133 135 136 68 52 2 #SUP: 2
133 135 136 68 52 6 #SUP: 2
133 135 136 68 52 2 6 #SUP: 2
133 135 136 68 2 #SUP: 2
133 135 136 68 2 6 #SUP: 2
133 135 136 68 6 #SUP: 2
133 135 136 52 #SUP: 2
133 135 136 52 2 #SUP: 2
133 135 136 52 6 #SUP: 2
133 135 136 52 2 6 #SUP: 2
133 135 136 2 #SUP: 2
133 135 136 2 6 #SUP: 2
133 135 136 6 #SUP: 2
133 135 53 #SUP: 2
133 135 53 87 #SUP: 2
133 135 53 87 66 #SUP: 2
133 135 53 87 66 68 #SUP: 2
133 135 53 87 66 68 52 #SUP: 2
133 135 53 87 66 68 52 2 #SUP: 2
133 135 53 87 66 68 52 6 #SUP: 2
133 135 53 87 66 68 52 2 6 #SUP: 2
133 135 53 87 66 68 2 #SUP: 2
133 135 53 87 66 68 2 6 #SUP: 2
133 135 53 87 66 68 6 #SUP: 2
133 135 53 87 66 52 #SUP: 2
133 135 53 87 66 52 2 #SUP: 2
133 135 53 87 66 52 6 #SUP: 2
133 135 53 87 66 52 2 6 #SUP: 2
133 135 53 87 66 2 #SUP: 2
133 135 53 87 66 2 6 #SUP: 2
133 135 53 87 66 6 #SUP: 2
133 135 53 87 68 #SUP: 2
133 135 53 87 68 52 #SUP: 2
133 135 53 87 68 52 2 #SUP: 2
133 135 53 87 68 52 6 #SUP: 2
133 135 53 87 68 52 2 6 #SUP: 2
133 135 53 87 68 2 #SUP: 2
133 135 53 87 68 2 6 #SUP: 2
133 135 53 87 68 6 #SUP: 2
133 135 53 87 52 #SUP: 2
133 135 53 87 52 2 #SUP: 2
133 135 53 87 52 6 #SUP: 2
133 135 53 87 52 2 6 #SUP: 2
133 135 53 87 2 #SUP: 2
133 135 53 87 2 6 #SUP: 2
133 135 53 87 6 #SUP: 2
133 135 53 66 #SUP: 2
133 135 53 66 68 #SUP: 2
133 135 53 66 68 52 #SUP: 2
133 135 53 66 68 52 2 #SUP: 2
133 135 53 66 68 52 6 #SUP: 2
133 135 53 66 68 52 2 6 #SUP: 2
133 135 53 66 68 2 #SUP: 2
133 135 53 66 68 2 6 #SUP: 2
133 135 53 66 68 6 #SUP: 2
133 135 53 66 52 #SUP: 2
133 135 53 66 52 2 #SUP: 2
133 135 53 66 52 6 #SUP: 2
133 135 53 66 52 2 6 #SUP: 2
133 135 53 66 2 #SUP: 2
133 135 53 66 2 6 #SUP: 2
133 135 53 66 6 #SUP: 2
133 135 53 68 #SUP: 2
133 135 53 68 52 #SUP: 2
133 135 53 68 52 2 #SUP: 2
133 135 53 68 52 6 #SUP: 2
133 135 53 68 52 2 6 #SUP: 2
133 135 53 68 2 #SUP: 2
133 135 53 68 2 6 #SUP: 2
133 135 53 68 6 #SUP: 2
133 135 53 52 #SUP: 2
133 135 53 52 2 #SUP: 2
133 135 53 52 6 #SUP: 2
133 135 53 52 2 6 #SUP: 2
133 135 53 2 #SUP: 2
133 135 53 2 6 #SUP: 2
133 135 53 6 #SUP: 2
133 135 87 #SUP: 2
133 135 87 66 #SUP: 2
133 135 87 66 68 #SUP: 2
133 135 87 66 68 52 #SUP: 2
133 135 87 66 68 52 2 #SUP: 2
133 135 87 66 68 52 6 #SUP: 2
133 135 87 66 68 52 2 6 #SUP: 2
133 135 87 66 68 2 #SUP: 2
133 135 87 66 68 2 6 #SUP: 2
133 135 87 66 68 6 #SUP: 2
133 135 87 66 52 #SUP: 2
133 135 87 66 52 2 #SUP: 2
133 135 87 66 52 6 #SUP: 2
133 135 87 66 52 2 6 #SUP: 2
133 135 87 66 2 #SUP: 2
133 135 87 66 2 6 #SUP: 2
133 135 87 66 6 #SUP: 2
133 135 87 68 #SUP: 2
133 135 87 68 52 #SUP: 2
133 135 87 68 52 2 #SUP: 2
133 135 87 68 52 6 #SUP: 2
133 135 87 68 52 2 6 #SUP: 2
133 135 87 68 2 #SUP: 2
133 135 87 68 2 6 #SUP: 2
133 135 87 68 6 #SUP: 2
133 135 87 52 #SUP: 2
133 135 87 52 2 #SUP: 2
133 135 87 52 6 #SUP: 2
133 135 87 52 2 6 #SUP: 2
133 135 87 2 #SUP: 2
133 135 87 2 6 #SUP: 2
133 135 87 6 #SUP: 2
133 135 66 #SUP: 2
133 135 66 68 #SUP: 2
133 135 66 68 52 #SUP: 2
133 135 66 68 52 2 #SUP: 2
133 135 66 68 52 6 #SUP: 2
133 135 66 68 52 2 6 #SUP: 2
133 135 66 68 2 #SUP: 2
133 135 66 68 2 6 #SUP: 2
133 135 66 68 6 #SUP: 2
133 135 66 52 #SUP: 2
133 135 66 52 2 #SUP: 2
133 135 66 52 6 #SUP: 2
133 135 66 52 2 6 #SUP: 2
133 135 66 2 #SUP: 2
133 135 66 2 6 #SUP: 2
133 135 66 6 #SUP: 2
133 135 68 #SUP: 2
133 135 68 52 #SUP: 2
133 135 68 52 2 #SUP: 2
133 135 68 52 6 #SUP: 2
133 135 68 52 2 6 #SUP: 2
133 135 68 2 #SUP: 2
133 135 68 2 6 #SUP: 2
133 135 68 6 #SUP: 2
133 135 52 #SUP: 2
133 135 52 2 #SUP: 2
133 135 52 6 #SUP: 2
133 135 52 2 6 #SUP: 2
133 135 2 #SUP: 2
133 135 2 6 #SUP: 2
133 135 6 #SUP: 2
133 136 #SUP: 2
133 136 53 #SUP: 2
133 136 53 87 #SUP: 2
133 136 53 87 66 #SUP: 2
133 136 53 87 66 68 #SUP: 2
133 136 53 87 66 68 52 #SUP: 2
133 136 53 87 66 68 52 2 #SUP: 2
133 136 53 87 66 68 52 6 #SUP: 2
133 136 53 87 66 68 52 2 6 #SUP: 2
133 136 53 87 66 68 2 #SUP: 2
133 136 53 87 66 68 2 6 #SUP: 2
133 136 53 87 66 68 6 #SUP: 2
133 136 53 87 66 52 #SUP: 2
133 136 53 87 66 52 2 #SUP: 2
133 136 53 87 66 52 6 #SUP: 2
133 136 53 87 66 52 2 6 #SUP: 2
133 136 53 87 66 2 #SUP: 2
133 136 53 87 66 2 6 #SUP: 2
133 136 53 87 66 6 #SUP: 2
133 136 53 87 68 #SUP: 2
133 136 53 87 68 52 #SUP: 2
133 136 53 87 68 52 2 #SUP: 2
133 136 53 87 68 52 6 #SUP: 2
133 136 53 87 68 52 2 6 #SUP: 2
133 136 53 87 68 2 #SUP: 2
133 136 53 87 68 2 6 #SUP: 2
133 136 53 87 68 6 #SUP: 2
133 136 53 87 52 #SUP: 2
133 136 53 87 52 2 #SUP: 2
133 136 53 87 52 6 #SUP: 2
133 136 53 87 52 2 6 #SUP: 2
133 136 53 87 2 #SUP: 2
133 136 53 87 2 6 #SUP: 2
133 136 53 87 6 #SUP: 2
133 136 53 66 #SUP: 2
133 136 53 66 68 #SUP: 2
133 136 53 66 68 52 #SUP: 2
133 136 53 66 68 52 2 #SUP: 2
133 136 53 66 68 52 6 #SUP: 2
133 136 53 66 68 52 2 6 #SUP: 2
133 136 53 66 68 2 #SUP: 2
133 136 53 66 68 2 6 #SUP: 2
133 136 53 66 68 6 #SUP: 2
133 136 53 66 52 #SUP: 2
133 136 53 66 52 2 #SUP: 2
133 136 53 66 52 6 #SUP: 2
133 136 53 66 52 2 6 #SUP: 2
133 136 53 66 2 #SUP: 2
133 136 53 66 2 6 #SUP: 2
133 136 53 66 6 #SUP: 2
133 136 53 68 #SUP: 2
133 136 53 68 52 #SUP: 2
133 136 53 68 52 2 #SUP: 2
133 136 53 68 52 6 #SUP: 2
133 136 53 68 52 2 6 #SUP: 2
133 136 53 68 2 #SUP: 2
133 136 53 68 2 6 #SUP: 2
133 136 53 68 6 #SUP: 2
133 136 53 52 #SUP: 2
133 136 53 52 2 #SUP: 2
133 136 53 52 6 #SUP: 2
133 136 53 52 2 6 #SUP: 2
133 136 53 2 #SUP: 2
133 136 53 2 6 #SUP: 2
133 136 53 6 #SUP: 2
133 136 87 #SUP: 2
133 136 87 66 #SUP: 2
133 136 87 66 68 #SUP: 2
133 136 87 66 68 52 #SUP: 2
133 136 87 66 68 52 2 #SUP: 2
133 136 87 66 68 52 6 #SUP: 2
133 136 87 66 68 52 2 6 #SUP: 2
133 136 87 66 68 2 #SUP: 2
133 136 87 66 68 2 6 #SUP: 2
133 136 87 66 68 6 #SUP: 2
133 136 87 66 52 #SUP: 2
133 136 87 66 52 2 #SUP: 2
133 136 87 66 52 6 #SUP: 2
133 136 87 66 52 2 6 #SUP: 2
133 136 87 66 2 #SUP: 2
133 136 87 66 2 6 #SUP: 2
133 136 87 66 6 #SUP: 2
133 136 87 68 #SUP: 2
133 136 87 68 52 #SUP: 2
133 136 87 68 52 2 #SUP: 2
133 136 87 68 52 6 #SUP: 2
133 136 87 68 52 2 6 #SUP: 2
133 136 87 68 2 #SUP: 2
133 136 87 68 2 6 #SUP: 2
133 136 87 68 6 #SUP: 2
133 136 87 52 #SUP: 2
133 136 87 52 2 #SUP: 2
133 136 87 52 6 #SUP: 2
133 136 87 52 2 6 #SUP: 2
133 136 87 2 #SUP: 2
133 136 87 2 6 #SUP: 2
133 136 87 6 #SUP: 2
133 136 66 #SUP: 2
133 136 66 68 #SUP: 2
133 136 66 68 52 #SUP: 2
133 136 66 68 52 2 #SUP: 2
133 136 66 68 52 6 #SUP: 2
133 136 66 68 52 2 6 #SUP: 2
133 136 66 68 2 #SUP: 2
133 136 66 68 2 6 #SUP: 2
133 136 66 68 6 #SUP: 2
133 136 66 52 #SUP: 2
133 136 66 52 2 #SUP: 2
133 136 66 52 6 #SUP: 2
133 136 66 52 2 6 #SUP: 2
133 136 66 2 #SUP: 2
133 136 66 2 6 #SUP: 2
133 136 66 6 #SUP: 2
133 136 68 #SUP: 2
133 136 68 52 #SUP: 2
133 136 68 52 2 #SUP: 2
133 136 68 52 6 #SUP: 2
133 136 68 52 2 6 #SUP: 2
133 136 68 2 #SUP: 2
133 136 68 2 6 #SUP: 2
133 136 68 6 #SUP: 2
133 136 52 #SUP: 2
133 136 52 2 #SUP: 2
133 136 52 6 #SUP: 2
133 136 52 2 6 #SUP: 2
133 136 2 #SUP: 2
133 136 2 6 #SUP: 2
133 136 6 #SUP: 2
133 53 #SUP: 2
133 53 87 #SUP: 2
133 53 87 66 #SUP: 2
133 53 87 66 68 #SUP: 2
133 53 87 66 68 52 #SUP: 2
133 53 87 66 68 52 2 #SUP: 2
133 53 87 66 68 52 6 #SUP: 2
133 53 87 66 68 52 2 6 #SUP: 2
133 53 87 66 68 2 #SUP: 2
133 53 87 66 68 2 6 #SUP: 2
133 53 87 66 68 6 #SUP: 2
133 53 87 66 52 #SUP: 2
133 53 87 66 52 2 #SUP: 2
133 53 87 66 52 6 #SUP: 2
133 53 87 66 52 2 6 #SUP: 2
133 53 87 66 2 #SUP: 2
133 53 87 66 2 6 #SUP: 2
133 53 87 66 6 #SUP: 2
133 53 87 68 #SUP: 2
133 53 87 68 52 #SUP: 2
133 53 87 68 52 2 #SUP: 2
133 53 87 68 52 6 #SUP: 2
133 53 87 68 52 2 6 #SUP: 2
133 53 87 68 2 #SUP: 2
133 53 87 68 2 6 #SUP: 2
133 53 87 68 6 #SUP: 2
133 53 87 52 #SUP: 2
133 53 87 52 2 #SUP: 2
133 53 87 52 6 #SUP: 2
133 53 87 52 2 6 #SUP: 2
133 53 87 2 #SUP: 2
133 53 87 2 6 #SUP: 2
133 53 87 6 #SUP: 2
133 53 66 #SUP: 2
133 53 66 68 #SUP: 2
133 53 66 68 52 #SUP: 2
133 53 66 68 52 2 #SUP: 2
133 53 66 68 52 6 #SUP: 2
133 53 66 68 52 2 6 #SUP: 2
133 53 66 68 2 #SUP: 2
133 53 66 68 2 6 #SUP: 2
133 53 66 68 6 #SUP: 2
133 53 66 52 #SUP: 2
133 53 66 52 2 #SUP: 2
133 53 66 52 6 #SUP: 2
133 53 66 52 2 6 #SUP: 2
133 53 66 2 #SUP: 2
133 53 66 2 6 #SUP: 2
133 53 66 6 #SUP: 2
133 53 68 #SUP: 2
133 53 68 52 #SUP: 2
133 53 68 52 2 #SUP: 2
133 53 68 52 6 #SUP: 2
133 53 68 52 2 6 #SUP: 2
133 53 68 2 #SUP: 2
133 53 68 2 6 #SUP: 2
133 53 68 6 #SUP: 2
133 53 52 #SUP: 2
133 53 52 2 #SUP: 2
133 53 52 6 #SUP: 2
133 53 52 2 6 #SUP: 2
133 53 2 #SUP: 2
133 53 2 6 #SUP: 2
133 53 6 #SUP: 2
133 87 #SUP: 2
133 87 66 #SUP: 2
133 87 66 68 #SUP: 2
133 87 66 68 52 #SUP: 2
133 87 66 68 52 2 #SUP: 2
133 87 66 68 52 6 #SUP: 2
133 87 66 68 52 2 6 #SUP: 2
133 87 66 68 2 #SUP: 2
133 87 66 68 2 6 #SUP: 2
133 87 66 68 6 #SUP: 2
133 87 66 52 #SUP: 2
133 87 66 52 2 #SUP: 2
133 87 66 52 6 #SUP: 2
133 87 66 52 2 6 #SUP: 2
133 87 66 2 #SUP: 2
133 87 66 2 6 #SUP: 2
133 87 66 6 #SUP: 2
133 87 68 #SUP: 2
133 87 68 52 #SUP: 2
133 87 68 52 2 #SUP: 2
133 87 68 52 6 #SUP: 2
133 87 68 52 2 6 #SUP: 2
133 87 68 2 #SUP: 2
133 87 68 2 6 #SUP: 2
133 87 68 6 #SUP: 2
133 87 52 #SUP: 2
133 87 52 2 #SUP: 2
133 87 52 6 #SUP: 2
133 87 52 2 6 #SUP: 2
133 87 2 #SUP: 2
133 87 2 6 #SUP: 2
133 87 6 #SUP: 2
133 66 #SUP: 2
133 66 68 #SUP: 2
133 66 68 52 #SUP: 2
133 66 68 52 2 #SUP: 2
133 66 68 52 6 #SUP: 2
133 66 68 52 2 6 #SUP: 2
133 66 68 2 #SUP: 2
133 66 68 2 6 #SUP: 2
133 66 68 6 #SUP: 2
133 66 52 #SUP: 2
133 66 52 2 #SUP: 2
133 66 52 6 #SUP: 2
133 66 52 2 6 #SUP: 2
133 66 2 #SUP: 2
133 66 2 6 #SUP: 2
133 66 6 #SUP: 2
133 68 #SUP: 2
133 68 52 #SUP: 2
133 68 52 2 #SUP: 2
133 68 52 6 #SUP: 2
133 68 52 2 6 #SUP: 2
133 68 2 #SUP: 2
133 68 2 6 #SUP: 2
133 68 6 #SUP: 2
133 52 #SUP: 2
133 52 2 #SUP: 2
133 52 6 #SUP: 2
133 52 2 6 #SUP: 2
133 2 #SUP: 2
133 2 6 #SUP: 2
133 6 #SUP: 2
135 136 #SUP: 2
135 136 53 #SUP: 2
135 136 53 87 #SUP: 2
135 136 53 87 66 #SUP: 2
135 136 53 87 66 68 #SUP: 2
135 136 53 87 66 68 52 #SUP: 2
135 136 53 87 66 68 52 2 #SUP: 2
135 136 53 87 66 68 52 6 #SUP: 2
135 136 53 87 66 68 52 2 6 #SUP: 2
135 136 53 87 66 68 2 #SUP: 2
135 136 53 87 66 68 2 6 #SUP: 2
135 136 53 87 66 68 6 #SUP: 2
135 136 53 87 66 52 #SUP: 2
135 136 53 87 66 52 2 #SUP: 2
135 136 53 87 66 52 6 #SUP: 2
135 136 53 87 66 52 2 6 #SUP: 2
135 136 53 87 66 2 #SUP: 2
135 136 53 87 66 2 6 #SUP: 2
135 136 53 87 66 6 #SUP: 2
135 136 53 87 68 #SUP: 2
135 136 53 87 68 52 #SUP: 2
135 136 53 87 68 52 2 #SUP: 2
135 136 53 87 68 52 6 #SUP: 2
135 136 53 87 68 52 2 6 #SUP: 2
135 136 53 87 68 2 #SUP: 2
135 136 53 87 68 2 6 #SUP: 2
135 136 53 87 68 6 #SUP: 2
135 136 53 87 52 #SUP: 2
135 136 53 87 52 2 #SUP: 2
135 136 53 87 52 6 #SUP: 2
135 136 53 87 52 2 6 #SUP: 2
135 136 53 87 2 #SUP: 2
135 136 53 87 2 6 #SUP: 2
135 136 53 87 6 #SUP: 2
135 136 53 66 #SUP: 2
135 136 53 66 68 #SUP: 2
135 136 53 66 68 52 #SUP: 2
135 136 53 66 68 52 2 #SUP: 2
135 136 53 66 68 52 6 #SUP: 2
135 136 53 66 68 52 2 6 #SUP: 2
135 136 53 66 68 2 #SUP: 2
135 136 53 66 68 2 6 #SUP: 2
135 136 53 66 68 6 #SUP: 2
135 136 53 66 52 #SUP: 2
135 136 53 66 52 2 #SUP: 2
135 136 53 66 52 6 #SUP: 2
135 136 53 66 52 2 6 #SUP: 2
135 136 53 66 2 #SUP: 2
135 136 53 66 2 6 #SUP: 2
135 136 53 66 6 #SUP: 2
135 136 53 68 #SUP: 2
135 136 53 68 52 #SUP: 2
135 136 53 68 52 2 #SUP: 2
135 136 53 68 52 6 #SUP: 2
135 136 53 68 52 2 6 #SUP: 2
135 136 53 68 2 #SUP: 2
135 136 53 68 2 6 #SUP: 2
135 136 53 68 6 #SUP: 2
135 136 53 52 #SUP: 2
135 136 53 52 2 #SUP: 2
135 136 53 52 6 #SUP: 2
135 136 53 52 2 6 #SUP: 2
135 136 53 2 #SUP: 2
135 136 53 2 6 #SUP: 2
135 136 53 6 #SUP: 2
135 136 87 #SUP: 2
135 136 87 66 #SUP: 2
135 136 87 66 68 #SUP: 2
135 136 87 66 68 52 #SUP: 2
135 136 87 66 68 52 2 #SUP: 2
135 136 87 66 68 52 6 #SUP: 2
135 136 87 66 68 52 2 6 #SUP: 2
135 136 87 66 68 2 #SUP: 2
135 136 87 66 68 2 6 #SUP: 2
135 136 87 66 68 6 #SUP: 2
135 136 87 66 52 #SUP: 2
135 136 87 66 52 2 #SUP: 2
135 136 87 66 52 6 #SUP: 2
135 136 87 66 52 2 6 #SUP: 2
135 136 87 66 2 #SUP: 2
135 136 87 66 2 6 #SUP: 2
135 136 87 66 6 #SUP: 2
135 136 87 68 #SUP: 2
135 136 87 68 52 #SUP: 2
135 136 87 68 52 2 #SUP: 2
135 136 87 68 52 6 #SUP: 2
135 136 87 68 52 2 6 #SUP: 2
135 136 87 68 2 #SUP: 2
135 136 87 68 2 6 #SUP: 2
135 136 87 68 6 #SUP: 2
135 136 87 52 #SUP: 2
135 136 87 52 2 #SUP: 2
135 136 87 52 6 #SUP: 2
135 136 87 52 2 6 #SUP: 2
135 136 87 2 #SUP: 2
135 136 87 2 6 #SUP: 2
135 136 87 6 #SUP: 2
135 136 66 #SUP: 2
135 136 66 68 #SUP: 2
135 136 66 68 52 #SUP: 2
135 136 66 68 52 2 #SUP: 2
135 136 66 68 52 6 #SUP: 2
135 136 66 68 52 2 6 #SUP: 2
135 136 66 68 2 #SUP: 2
135 136 66 68 2 6 #SUP: 2
135 136 66 68 6 #SUP: 2
135 136 66 52 #SUP: 2
135 136 66 52 2 #SUP: 2
135 136 66 52 6 #SUP: 2
135 136 66 52 2 6 #SUP: 2
135 136 66 2 #SUP: 2
135 136 66 2 6 #SUP: 2
135 136 66 6 #SUP: 2
135 136 68 #SUP: 2
135 136 68 52 #SUP: 2
135 136 68 52 2 #SUP: 2
135 136 68 52 6 #SUP: 2
135 136 68 52 2 6 #SUP: 2
135 136 68 2 #SUP: 2
135 136 68 2 6 #SUP: 2
135 136 68 6 #SUP: 2
135 136 52 #SUP: 2
135 136 52 2 #SUP: 2
135 136 52 6 #SUP: 2
135 136 52 2 6 #SUP: 2
135 136 2 #SUP: 2
135 136 2 6 #SUP: 2
135 136 6 #SUP: 2
135 53 #SUP: 2
135 53 87 #SUP: 2
135 53 87 66 #SUP: 2
135 53 87 66 68 #SUP: 2
135 53 87 66 68 52 #SUP: 2
135 53 87 66 68 52 2 #SUP: 2
135 53 87 66 68 52 6 #SUP: 2
135 53 87 66 68 52 2 6 #SUP: 2
135 53 87 66 68 2 #SUP: 2
135 53 87 66 68 2 6 #SUP: 2
135 53 87 66 68 6 #SUP: 2
135 53 87 66 52 #SUP: 2
135 53 87 66 52 2 #SUP: 2
135 53 87 66 52 6 #SUP: 2
135 53 87 66 52 2 6 #SUP: 2
135 53 87 66 2 #SUP: 2
135 53 87 66 2 6 #SUP: 2
135 53 87 66 6 #SUP: 2
135 53 87 68 #SUP: 2
135 53 87 68 52 #SUP: 2
135 53 87 68 52 2 #SUP: 2
135 53 87 68 52 6 #SUP: 2
135 53 87 68 52 2 6 #SUP: 2
135 53 87 68 2 #SUP: 2
135 53 87 68 2 6 #SUP: 2
135 53 87 68 6 #SUP: 2
135 53 87 52 #SUP: 2
135 53 87 52 2 #SUP: 2
135 53 87 52 6 #SUP: 2
135 53 87 52 2 6 #SUP: 2
135 53 87 2 #SUP: 2
135 53 87 2 6 #SUP: 2
135 53 87 6 #SUP: 2
135 53 66 #SUP: 2
135 53 66 68 #SUP: 2
135 53 66 68 52 #SUP: 2
135 53 66 68 52 2 #SUP: 2
135 53 66 68 52 6 #SUP: 2
135 53 66 68 52 2 6 #SUP: 2
135 53 66 68 2 #SUP: 2
135 53 66 68 2 6 #SUP: 2
135 53 66 68 6 #SUP: 2
135 53 66 52 #SUP: 2
135 53 66 52 2 #SUP: 2
135 53 66 52 6 #SUP: 2
135 53 66 52 2 6 #SUP: 2
135 53 66 2 #SUP: 2
135 53 66 2 6 #SUP: 2
135 53 66 6 #SUP: 2
135 53 68 #SUP: 2
135 53 68 52 #SUP: 2
135 53 68 52 2 #SUP: 2
135 53 68 52 6 #SUP: 2
135 53 68 52 2 6 #SUP: 2
135 53 68 2 #SUP: 2
135 53 68 2 6 #SUP: 2
135 53 68 6 #SUP: 2
135 53 52 #SUP: 2
135 53 52 2 #SUP: 2
135 53 52 6 #SUP: 2
135 53 52 2 6 #SUP: 2
135 53 2 #SUP: 2
135 53 2 6 #SUP: 2
135 53 6 #SUP: 2
135 87 #SUP: 2
135 87 66 #SUP: 2
135 87 66 68 #SUP: 2
135 87 66 68 52 #SUP: 2
135 87 66 68 52 2 #SUP: 2
135 87 66 68 52 6 #SUP: 2
135 87 66 68 52 2 6 #SUP: 2
135 87 66 68 2 #SUP: 2
135 87 66 68 2 6 #SUP: 2
135 87 66 68 6 #SUP: 2
135 87 66 52 #SUP: 2
135 87 66 52 2 #SUP: 2
135 87 66 52 6 #SUP: 2
135 87 66 52 2 6 #SUP: 2
135 87 66 2 #SUP: 2
135 87 66 2 6 #SUP: 2
135 87 66 6 #SUP: 2
135 87 68 #SUP: 2
135 87 68 52 #SUP: 2
135 87 68 52 2 #SUP: 2
135 87 68 52 6 #SUP: 2
135 87 68 52 2 6 #SUP: 2
135 87 68 2 #SUP: 2
135 87 68 2 6 #SUP: 2
135 87 68 6 #SUP: 2
135 87 52 #SUP: 2
135 87 52 2 #SUP: 2
135 87 52 6 #SUP: 2
135 87 52 2 6 #SUP: 2
135 87 2 #SUP: 2
135 87 2 6 #SUP: 2
135 87 6 #SUP: 2
135 66 #SUP: 2
135 66 68 #SUP: 2
135 66 68 52 #SUP: 2
135 66 68 52 2 #SUP: 2
135 66 68 52 6 #SUP: 2
135 66 68 52 2 6 #SUP: 2
135 66 68 2 #SUP: 2
135 66 68 2 6 #SUP: 2
135 66 68 6 #SUP: 2
135 66 52 #SUP: 2
135 66 52 2 #SUP: 2
135 66 52 6 #SUP: 2
135 66 52 2 6 #SUP: 2
135 66 2 #SUP: 2
135 66 2 6 #SUP: 2
135 66 6 #SUP: 2
135 68 #SUP: 2
135 68 52 #SUP: 2
135 68 52 2 #SUP: 2
135 68 52 6 #SUP: 2
135 68 52 2 6 #SUP: 2
135 68 2 #SUP: 2
135 68 2 6 #SUP: 2
135 68 6 #SUP: 2
135 52 #SUP: 2
135 52 2 #SUP: 2
135 52 6 #SUP: 2
135 52 2 6 #SUP: 2
135 2 #SUP: 2
135 2 6 #SUP: 2
135 6 #SUP: 2
136 53 #SUP: 2
136 53 87 #SUP: 2
136 53 87 66 #SUP: 2
136 53 87 66 68 #SUP: 2
136 53 87 66 68 52 #SUP: 2
136 53 87 66 68 52 2 #SUP: 2
136 53 87 66 68 52 6 #SUP: 2
136 53 87 66 68 52 2 6 #SUP: 2
136 53 87 66 68 2 #SUP: 2
136 53 87 66 68 2 6 #SUP: 2
136 53 87 66 68 6 #SUP: 2
136 53 87 66 52 #SUP: 2
136 53 87 66 52 2 #SUP: 2
136 53 87 66 52 6 #SUP: 2
136 53 87 66 52 2 6 #SUP: 2
136 53 87 66 2 #SUP: 2
136 53 87 66 2 6 #SUP: 2
136 53 87 66 6 #SUP: 2
136 53 87 68 #SUP: 2
136 53 87 68 52 #SUP: 2
136 53 87 68 52 2 #SUP: 2
136 53 87 68 52 6 #SUP: 2
136 53 87 68 52 2 6 #SUP: 2
136 53 87 68 2 #SUP: 2
136 53 87 68 2 6 #SUP: 2
136 53 87 68 6 #SUP: 2
136 53 87 52 #SUP: 2
136 53 87 52 2 #SUP: 2
136 53 87 52 6 #SUP: 2
136 53 87 52 2 6 #SUP: 2
136 53 87 2 #SUP: 2
136 53 87 2 6 #SUP: 2
136 53 87 6 #SUP: 2
136 53 66 #SUP: 2
136 53 66 68 #SUP: 2
136 53 66 68 52 #SUP: 2
136 53 66 68 52 2 #SUP: 2
136 53 66 68 52 6 #SUP: 2
136 53 66 68 52 2 6 #SUP: 2
136 53 66 68 2 #SUP: 2
136 53 66 68 2 6 #SUP: 2
136 53 66 68 6 #SUP: 2
136 53 66 52 #SUP: 2
136 53 66 52 2 #SUP: 2
136 53 66 52 6 #SUP: 2
136 53 66 52 2 6 #SUP: 2
136 53 66 2 #SUP: 2
136 53 66 2 6 #SUP: 2
136 53 66 6 #SUP: 2
136 53 68 #SUP: 2
136 53 68 52 #SUP: 2
136 53 68 52 2 #SUP: 2
136 53 68 52 6 #SUP: 2
136 53 68 52 2 6 #SUP: 2
136 53 68 2 #SUP: 2
136 53 68 2 6 #SUP: 2
136 53 68 6 #SUP: 2
136 53 52 #SUP: 2
136 53 52 2 #SUP: 2
136 53 52 6 #SUP: 2
136 53 52 2 6 #SUP: 2
136 53 2 #SUP: 2
136 53 2 6 #SUP: 2
136 53 6 #SUP: 2
136 87 #SUP: 2
136 87 66 #SUP: 2
136 87 66 68 #SUP: 2
136 87 66 68 52 #SUP: 2
136 87 66 68 52 2 #SUP: 2
136 87 66 68 52 6 #SUP: 2
136 87 66 68 52 2 6 #SUP: 2
136 87 66 68 2 #SUP: 2
136 87 66 68 2 6 #SUP: 2
136 87 66 68 6 #SUP: 2
136 87 66 52 #SUP: 2
136 87 66 52 2 #SUP: 2
136 87 66 52 6 #SUP: 2
136 87 66 52 2 6 #SUP: 2
136 87 66 2 #SUP: 2
136 87 66 2 6 #SUP: 2
136 87 66 6 #SUP: 2
136 87 68 #SUP: 2
136 87 68 52 #SUP: 2
136 87 68 52 2 #SUP: 2
136 87 68 52 6 #SUP: 2
136 87 68 52 2 6 #SUP: 2
136 87 68 2 #SUP: 2
136 87 68 2 6 #SUP: 2
136 87 68 6 #SUP: 2
136 87 52 #SUP: 2
136 87 52 2 #SUP: 2
136 87 52 6 #SUP: 2
136 87 52 2 6 #SUP: 2
136 87 2 #SUP: 2
136 87 2 6 #SUP: 2
136 87 6 #SUP: 2
136 66 #SUP: 2
136 66 68 #SUP: 2
136 66 68 52 #SUP: 2
136 66 68 52 2 #SUP: 2
136 66 68 52 6 #SUP: 2
136 66 68 52 2 6 #SUP: 2
136 66 68 2 #SUP: 2
136 66 68 2 6 #SUP: 2
136 66 68 6 #SUP: 2
136 66 52 #SUP: 2
136 66 52 2 #SUP: 2
136 66 52 6 #SUP: 2
136 66 52 2 6 #SUP: 2
136 66 2 #SUP: 2
136 66 2 6 #SUP: 2
136 66 6 #SUP: 2
136 68 #SUP: 2
136 68 52 #SUP: 2
136 68 52 2 #SUP: 2
136 68 52 6 #SUP: 2
136 68 52 2 6 #SUP: 2
136 68 2 #SUP: 2
136 68 2 6 #SUP: 2
136 68 6 #SUP: 2
136 52 #SUP: 2
136 52 2 #SUP: 2
136 52 6 #SUP: 2
136 52 2 6 #SUP: 2
136 2 #SUP: 2
136 2 6 #SUP: 2
136 6 #SUP: 2
21 65 #SUP: 2
53 102 #SUP: 2
53 102 6 #SUP: 2
53 87 #SUP: 2
53 87 66 #SUP: 2
53 87 66 68 #SUP: 2
53 87 66 68 52 #SUP: 2
53 87 66 68 52 2 #SUP: 2
53 87 66 68 52 6 #SUP: 2
53 87 66 68 52 2 6 #SUP: 2
53 87 66 68 2 #SUP: 2
53 87 66 68 2 6 #SUP: 2
53 87 66 68 6 #SUP: 2
53 87 66 52 #SUP: 2
53 87 66 52 2 #SUP: 2
53 87 66 52 6 #SUP: 2
53 87 66 52 2 6 #SUP: 2
53 87 66 2 #SUP: 2
53 87 66 2 6 #SUP: 2
53 87 66 6 #SUP: 2
53 87 68 #SUP: 2
53 87 68 52 #SUP: 2
53 87 68 52 2 #SUP: 2
53 87 68 52 6 #SUP: 2
53 87 68 52 2 6 #SUP: 2
53 87 68 2 #SUP: 2
53 87 68 2 6 #SUP: 2
53 87 68 6 #SUP: 2
53 87 52 #SUP: 2
53 87 52 2 #SUP: 2
53 87 52 6 #SUP: 2
53 87 52 2 6 #SUP: 2
53 87 2 #SUP: 2
53 87 2 6 #SUP: 2
53 87 6 #SUP: 2
53 66 #SUP: 2
53 66 68 #SUP: 2
53 66 68 52 #SUP: 2
53 66 68 52 2 #SUP: 2
53 66 68 52 6 #SUP: 2
53 66 68 52 2 6 #SUP: 2
53 66 68 2 #SUP: 2
53 66 68 2 6 #SUP: 2
53 66 68 6 #SUP: 2
53 66 52 #SUP: 2
53 66 52 2 #SUP: 2
53 66 52 6 #SUP: 2
53 66 52 2 6 #SUP: 2
53 66 2 #SUP: 2
53 66 2 6 #SUP: 2
53 66 6 #SUP: 2
53 68 #SUP: 2
53 68 52 #SUP: 2
53 68 52 2 #SUP: 2
53 68 52 6 #SUP: 2
53 68 52 2 6 #SUP: 2
53 68 2 #SUP: 2
53 68 2 6 #SUP: 2
53 68 6 #SUP: 2
53 52 #SUP: 2
53 52 2 #SUP: 2
53 52 6 #SUP: 2
53 52 2 6 #SUP: 2
53 2 #SUP: 2
53 2 6 #SUP: 2
53 6 #SUP: 3
67 65 #SUP: 3
67 65 87 #SUP: 2
67 65 87 89 #SUP: 2
67 65 87 89 66 #SUP: 2
67 65 87 89 66 68 #SUP: 2
67 65 87 89 66 68 52 #SUP: 2
67 65 87 89 66 68 2 #SUP: 2
67 65 87 89 66 68 52 2 #SUP: 2
67 65 87 89 66 52 #SUP: 2
67 65 87 89 66 52 2 #SUP: 2
67 65 87 89 66 2 #SUP: 2
67 65 87 89 68 #SUP: 2
67 65 87 89 68 52 #SUP: 2
67 65 87 89 68 2 #SUP: 2
67 65 87 89 68 52 2 #SUP: 2
67 65 87 89 52 #SUP: 2
67 65 87 89 52 2 #SUP: 2
67 65 87 89 2 #SUP: 2
67 65 87 66 #SUP: 2
67 65 87 66 68 #SUP: 2
67 65 87 66 68 52 #SUP: 2
67 65 87 66 68 2 #SUP: 2
67 65 87 66 68 52 2 #SUP: 2
67 65 87 66 52 #SUP: 2
67 65 87 66 52 2 #SUP: 2
67 65 87 66 2 #SUP: 2
67 65 87 68 #SUP: 2
67 65 87 68 52 #SUP: 2
67 65 87 68 2 #SUP: 2
67 65 87 68 52 2 #SUP: 2
67 65 87 52 #SUP: 2
67 65 87 52 2 #SUP: 2
67 65 87 2 #SUP: 2
67 65 89 #SUP: 2
67 65 89 66 #SUP: 2
67 65 89 66 68 #SUP: 2
67 65 89 66 68 52 #SUP: 2
67 65 89 66 68 2 #SUP: 2
67 65 89 66 68 52 2 #SUP: 2
67 65 89 66 52 #SUP: 2
67 65 89 66 52 2 #SUP: 2
67 65 89 66 2 #SUP: 2
67 65 89 68 #SUP: 2
67 65 89 68 52 #SUP: 2
67 65 89 68 2 #SUP: 2
67 65 89 68 52 2 #SUP: 2
67 65 89 52 #SUP: 2
67 65 89 52 2 #SUP: 2
67 65 89 2 #SUP: 2
67 65 66 #SUP: 3
67 65 66 68 #SUP: 3
67 65 66 68 52 #SUP: 2
67 65 66 68 2 #SUP: 2
67 65 66 68 52 2 #SUP: 2
67 65 66 52 #SUP: 2
67 65 66 52 2 #SUP: 2
67 65 66 2 #SUP: 2
67 65 68 #SUP: 3
67 65 68 52 #SUP: 2
67 65 68 2 #SUP: 2
67 65 68 52 2 #SUP: 2
67 65 52 #SUP: 2
67 65 52 2 #SUP: 2
67 65 2 #SUP: 2
67 87 #SUP: 2
67 87 89 #SUP: 2
67 87 89 66 #SUP: 2
67 87 89 66 68 #SUP: 2
67 87 89 66 68 52 #SUP: 2
67 87 89 66 68 2 #SUP: 2
67 87 89 66 68 52 2 #SUP: 2
67 87 89 66 52 #SUP: 2
67 87 89 66 52 2 #SUP: 2
67 87 89 66 2 #SUP: 2
67 87 89 68 #SUP: 2
67 87 89 68 52 #SUP: 2
67 87 89 68 2 #SUP: 2
67 87 89 68 52 2 #SUP: 2
67 87 89 52 #SUP: 2
67 87 89 52 2 #SUP: 2
67 87 89 2 #SUP: 2
67 87 66 #SUP: 2
67 87 66 68 #SUP: 2
67 87 66 68 52 #SUP: 2
67 87 66 68 2 #SUP: 2
67 87 66 68 52 2 #SUP: 2
67 87 66 52 #SUP: 2
67 87 66 52 2 #SUP: 2
67 87 66 2 #SUP: 2
67 87 68 #SUP: 2
67 87 68 52 #SUP: 2
67 87 68 2 #SUP: 2
67 87 68 52 2 #SUP: 2
67 87 52 #SUP: 2
67 87 52 2 #SUP: 2
67 87 2 #SUP: 2
67 89 #SUP: 2
67 89 66 #SUP: 2
67 89 66 68 #SUP: 2
67 89 66 68 52 #SUP: 2
67 89 66 68 2 #SUP: 2
67 89 66 68 52 2 #SUP: 2
67 89 66 52 #SUP: 2
67 89 66 52 2 #SUP: 2
67 89 66 2 #SUP: 2
67 89 68 #SUP: 2
67 89 68 52 #SUP: 2
67 89 68 2 #SUP: 2
67 89 68 52 2 #SUP: 2
67 89 52 #SUP: 2
67 89 52 2 #SUP: 2
67 89 2 #SUP: 2
67 66 #SUP: 3
67 66 68 #SUP: 3
67 66 68 52 #SUP: 2
67 66 68 2 #SUP: 2
67 66 68 52 2 #SUP: 2
67 66 52 #SUP: 2
67 66 52 2 #SUP: 2
67 66 2 #SUP: 2
67 68 #SUP: 3
67 68 52 #SUP: 2
67 68 2 #SUP: 2
67 68 52 2 #SUP: 2
67 52 #SUP: 2
67 52 2 #SUP: 2
67 2 #SUP: 2
102 52 #SUP: 2
102 52 2 #SUP: 2
102 52 6 #SUP: 2
102 52 2 6 #SUP: 2
102 2 #SUP: 2
102 2 6 #SUP: 2
102 6 #SUP: 3
11 87 #SUP: 2
11 87 66 #SUP: 2
11 87 66 68 #SUP: 2
11 87 66 68 52 #SUP: 2
11 87 66 68 2 #SUP: 2
11 87 66 68 52 2 #SUP: 2
11 87 66 52 #SUP: 2
11 87 66 52 2 #SUP: 2
11 87 66 2 #SUP: 2
11 87 68 #SUP: 2
11 87 68 52 #SUP: 2
11 87 68 2 #SUP: 2
11 87 68 52 2 #SUP: 2
11 87 52 #SUP: 2
11 87 52 2 #SUP: 2
11 87 2 #SUP: 2
11 66 #SUP: 2
11 66 68 #SUP: 2
11 66 68 52 #SUP: 2
11 66 68 2 #SUP: 2
11 66 68 52 2 #SUP: 2
11 66 52 #SUP: 2
11 66 52 2 #SUP: 2
11 66 2 #SUP: 2
11 68 #SUP: 2
11 68 52 #SUP: 2
11 68 2 #SUP: 2
11 68 52 2 #SUP: 2
11 52 #SUP: 2
11 52 2 #SUP: 2
11 2 #SUP: 2
65 87 #SUP: 2
65 87 89 #SUP: 2
65 87 89 66 #SUP: 2
65 87 89 66 68 #SUP: 2
65 87 89 66 68 52 #SUP: 2
65 87 89 66 68 2 #SUP: 2
65 87 89 66 68 52 2 #SUP: 2
65 87 89 66 52 #SUP: 2
65 87 89 66 52 2 #SUP: 2
65 87 89 66 2 #SUP: 2
65 87 89 68 #SUP: 2
65 87 89 68 52 #SUP: 2
65 87 89 68 2 #SUP: 2
65 87 89 68 52 2 #SUP: 2
65 87 89 52 #SUP: 2
65 87 89 52 2 #SUP: 2
65 87 89 2 #SUP: 2
65 87 66 #SUP: 2
65 87 66 68 #SUP: 2
65 87 66 68 52 #SUP: 2
65 87 66 68 2 #SUP: 2
65 87 66 68 52 2 #SUP: 2
65 87 66 52 #SUP: 2
65 87 66 52 2 #SUP: 2
65 87 66 2 #SUP: 2
65 87 68 #SUP: 2
65 87 68 52 #SUP: 2
65 87 68 2 #SUP: 2
65 87 68 52 2 #SUP: 2
65 87 52 #SUP: 2
65 87 52 2 #SUP: 2
65 87 2 #SUP: 2
65 89 #SUP: 2
65 89 66 #SUP: 2
65 89 66 68 #SUP: 2
65 89 66 68 52 #SUP: 2
65 89 66 68 2 #SUP: 2
65 89 66 68 52 2 #SUP: 2
65 89 66 52 #SUP: 2
65 89 66 52 2 #SUP: 2
65 89 66 2 #SUP: 2
65 89 68 #SUP: 2
65 89 68 52 #SUP: 2
65 89 68 2 #SUP: 2
65 89 68 52 2 #SUP: 2
65 89 52 #SUP: 2
65 89 52 2 #SUP: 2
65 89 2 #SUP: 2
65 66 #SUP: 3
65 66 68 #SUP: 3
65 66 68 52 #SUP: 2
65 66 68 2 #SUP: 2
65 66 68 52 2 #SUP: 2
65 66 52 #SUP: 2
65 66 52 2 #SUP: 2
65 66 2 #SUP: 2
65 68 #SUP: 3
65 68 52 #SUP: 2
65 68 2 #SUP: 2
65 68 52 2 #SUP: 2
65 52 #SUP: 2
65 52 2 #SUP: 2
65 2 #SUP: 2
87 89 #SUP: 2
87 89 66 #SUP: 2
87 89 66 68 #SUP: 2
87 89 66 68 52 #SUP: 2
87 89 66 68 2 #SUP: 2
87 89 66 68 52 2 #SUP: 2
87 89 66 52 #SUP: 2
87 89 66 52 2 #SUP: 2
87 89 66 2 #SUP: 2
87 89 68 #SUP: 2
87 89 68 52 #SUP: 2
87 89 68 2 #SUP: 2
87 89 68 52 2 #SUP: 2
87 89 52 #SUP: 2
87 89 52 2 #SUP: 2
87 89 2 #SUP: 2
87 66 #SUP: 3
87 66 68 #SUP: 3
87 66 68 52 #SUP: 3
87 66 68 52 2 #SUP: 3
87 66 68 52 6 #SUP: 2
87 66 68 52 2 6 #SUP: 2
87 66 68 2 #SUP: 3
87 66 68 2 6 #SUP: 2
87 66 68 6 #SUP: 2
87 66 52 #SUP: 3
87 66 52 2 #SUP: 3
87 66 52 6 #SUP: 2
87 66 52 2 6 #SUP: 2
87 66 2 #SUP: 3
87 66 2 6 #SUP: 2
87 66 6 #SUP: 2
87 68 #SUP: 3
87 68 52 #SUP: 3
87 68 52 2 #SUP: 3
87 68 52 6 #SUP: 2
87 68 52 2 6 #SUP: 2
87 68 2 #SUP: 3
87 68 2 6 #SUP: 2
87 68 6 #SUP: 2
87 52 #SUP: 3
87 52 2 #SUP: 3
87 52 6 #SUP: 2
87 52 2 6 #SUP: 2
87 2 #SUP: 3
87 2 6 #SUP: 2
87 6 #SUP: 2
89 66 #SUP: 3
89 66 68 #SUP: 3
89 66 68 52 #SUP: 2
89 66 68 52 2 #SUP: 2
89 66 68 2 #SUP: 3
89 66 68 2 6 #SUP: 2
89 66 68 6 #SUP: 2
89 66 52 #SUP: 2
89 66 52 2 #SUP: 2
89 66 2 #SUP: 3
89 66 2 6 #SUP: 2
89 66 6 #SUP: 2
89 68 #SUP: 3
89 68 52 #SUP: 2
89 68 52 2 #SUP: 2
89 68 2 #SUP: 3
89 68 2 6 #SUP: 2
89 68 6 #SUP: 2
89 52 #SUP: 3
89 52 2 #SUP: 2
89 2 #SUP: 3
89 2 6 #SUP: 2
89 6 #SUP: 2
60 178 #SUP: 2
66 68 #SUP: 5
66 68 52 #SUP: 3
66 68 52 2 #SUP: 3
66 68 52 6 #SUP: 2
66 68 52 2 6 #SUP: 2
66 68 2 #SUP: 4
66 68 2 6 #SUP: 3
66 68 6 #SUP: 3
66 52 #SUP: 3
66 52 2 #SUP: 3
66 52 6 #SUP: 2
66 52 2 6 #SUP: 2
66 2 #SUP: 4
66 2 6 #SUP: 3
66 6 #SUP: 3
68 52 #SUP: 3
68 52 2 #SUP: 3
68 52 6 #SUP: 2
68 52 2 6 #SUP: 2
68 2 #SUP: 4
68 2 6 #SUP: 3
68 6 #SUP: 3
52 2 #SUP: 4
52 6 #SUP: 3
52 2 6 #SUP: 3
2 6 #SUP: 4
