3 #SUP: 3
6 #SUP: 11
7 #SUP: 3
11 #SUP: 2
30 #SUP: 2
52 #SUP: 8
53 #SUP: 6
61 #SUP: 2
64 #SUP: 3
65 #SUP: 4
67 #SUP: 6
68 #SUP: 3
75 #SUP: 3
79 #SUP: 4
85 #SUP: 2
87 #SUP: 3
89 #SUP: 3
94 #SUP: 2
96 #SUP: 2
99 #SUP: 2
112 #SUP: 2
116 #SUP: 2
118 #SUP: 2
122 #SUP: 2
125 #SUP: 2
134 #SUP: 2
135 #SUP: 5
136 #SUP: 4
138 #SUP: 3
139 #SUP: 2
140 #SUP: 5
142 #SUP: 3
145 #SUP: 2
161 #SUP: 2
162 #SUP: 3
163 #SUP: 2
164 #SUP: 2
167 #SUP: 2
168 #SUP: 2
174 #SUP: 2
187 #SUP: 2
188 #SUP: 2
194 #SUP: 2
216 #SUP: 2
227 #SUP: 2
229 #SUP: 2
11 89 #SUP: 2
11 89 138 #SUP: 2
11 89 138 65 #SUP: 2
11 89 138 65 67 #SUP: 2
11 89 138 65 6 #SUP: 2
11 89 138 65 67 6 #SUP: 2
11 89 138 67 #SUP: 2
11 89 138 67 6 #SUP: 2
11 89 138 6 #SUP: 2
11 89 65 #SUP: 2
11 89 65 67 #SUP: 2
11 89 65 6 #SUP: 2
11 89 65 67 6 #SUP: 2
11 89 67 #SUP: 2
11 89 67 6 #SUP: 2
11 89 6 #SUP: 2
11 138 #SUP: 2
11 138 65 #SUP: 2
11 138 65 67 #SUP: 2
11 138 65 6 #SUP: 2
11 138 65 67 6 #SUP: 2
11 138 67 #SUP: 2
11 138 67 6 #SUP: 2
11 138 6 #SUP: 2
11 65 #SUP: 2
11 65 67 #SUP: 2
11 65 6 #SUP: 2
11 65 67 6 #SUP: 2
11 67 #SUP: 2
11 67 6 #SUP: 2
11 6 #SUP: 2
30 163 #SUP: 2
30 163 164 #SUP: 2
30 163 164 162 #SUP: 2
30 163 164 162 79 #SUP: 2
30 163 164 162 135 #SUP: 2
30 163 164 162 79 135 #SUP: 2
30 163 164 79 #SUP: 2
30 163 164 79 135 #SUP: 2
30 163 164 135 #SUP: 2
30 163 162 #SUP: 2
30 163 162 79 #SUP: 2
30 163 162 135 #SUP: 2
30 163 162 79 135 #SUP: 2
30 163 79 #SUP: 2
30 163 79 135 #SUP: 2
30 163 135 #SUP: 2
30 164 #SUP: 2
30 164 162 #SUP: 2
30 164 162 79 #SUP: 2
30 164 162 135 #SUP: 2
30 164 162 79 135 #SUP: 2
30 164 79 #SUP: 2
30 164 79 135 #SUP: 2
30 164 135 #SUP: 2
30 162 #SUP: 2
30 162 79 #SUP: 2
30 162 135 #SUP: 2
30 162 79 135 #SUP: 2
30 79 #SUP: 2
30 79 135 #SUP: 2
30 135 #SUP: 2
61 142 #SUP: 2
61 52 #SUP: 2
61 142 52 #SUP: 2
94 145 #SUP: 2
94 145 65 #SUP: 2
94 145 65 140 #SUP: 2
94 145 65 6 #SUP: 2
94 145 65 140 6 #SUP: 2
94 145 140 #SUP: 2
94 145 140 6 #SUP: 2
94 145 6 #SUP: 2
94 65 #SUP: 2
94 65 140 #SUP: 2
94 65 6 #SUP: 2
94 65 140 6 #SUP: 2
94 140 #SUP: 2
94 140 6 #SUP: 2
94 6 #SUP: 2
96 6 #SUP: 2
112 53 #SUP: 2
112 52 #SUP: 2
112 53 52 #SUP: 2
116 52 #SUP: 2
118 122 #SUP: 2
118 122 87 #SUP: 2
118 122 87 65 #SUP: 2
118 122 87 6 #SUP: 2
118 122 87 65 6 #SUP: 2
118 122 65 #SUP: 2
118 122 65 6 #SUP: 2
118 122 6 #SUP: 2
118 87 #SUP: 2
118 87 65 #SUP: 2
118 87 6 #SUP: 2
118 87 65 6 #SUP: 2
118 65 #SUP: 2
118 65 6 #SUP: 2
118 6 #SUP: 2
122 87 #SUP: 2
122 87 65 #SUP: 2
122 87 6 #SUP: 2
122 87 65 6 #SUP: 2
122 65 #SUP: 2
122 65 6 #SUP: 2
122 6 #SUP: 2
134 140 #SUP: 2
139 187 #SUP: 2
139 187 67 #SUP: 2
139 187 52 #SUP: 2
139 187 67 52 #SUP: 2
139 67 #SUP: 2
139 67 52 #SUP: 2
139 52 #SUP: 2
145 65 #SUP: 2
145 65 140 #SUP: 2
145 65 6 #SUP: 2
145 65 140 6 #SUP: 2
145 140 #SUP: 2
145 140 6 #SUP: 2
145 6 #SUP: 2
163 164 #SUP: 2
163 164 162 #SUP: 2
163 164 162 79 #SUP: 2
163 164 162 135 #SUP: 2
163 164 162 79 135 #SUP: 2
163 164 79 #SUP: 2
163 164 79 135 #SUP: 2
163 164 135 #SUP: 2
163 162 #SUP: 2
163 162 79 #SUP: 2
163 162 135 #SUP: 2
163 162 79 135 #SUP: 2
163 79 #SUP: 2
163 79 135 #SUP: 2
163 135 #SUP: 2
164 162 #SUP: 2
164 162 79 #SUP: 2
164 162 135 #SUP: 2
164 162 79 135 #SUP: 2
164 79 #SUP: 2
164 79 135 #SUP: 2
164 135 #SUP: 2
168 174 #SUP: 2
168 174 3 #SUP: 2
168 174 136 #SUP: 2
168 174 3 136 #SUP: 2
168 3 #SUP: 2
168 3 136 #SUP: 2
168 136 #SUP: 2
174 3 #SUP: 2
174 136 #SUP: 2
174 3 136 #SUP: 2
187 67 #SUP: 2
187 52 #SUP: 2
187 67 52 #SUP: 2
188 52 #SUP: 2
194 53 #SUP: 2
194 52 #SUP: 2
194 53 52 #SUP: 2
216 6 #SUP: 2
227 229 #SUP: 2
227 229 79 #SUP: 2
227 229 79 53 #SUP: 2
227 229 79 53 67 #SUP: 2
227 229 79 53 67 52 #SUP: 2
227 229 79 53 67 6 #SUP: 2
227 229 79 53 67 52 6 #SUP: 2
227 229 79 53 52 #SUP: 2
227 229 79 53 52 6 #SUP: 2
227 229 79 53 6 #SUP: 2
227 229 79 67 #SUP: 2
227 229 79 67 52 #SUP: 2
227 229 79 67 6 #SUP: 2
227 229 79 67 52 6 #SUP: 2
227 229 79 52 #SUP: 2
227 229 79 52 6 #SUP: 2
227 229 79 6 #SUP: 2
227 229 53 #SUP: 2
227 229 53 67 #SUP: 2
227 229 53 67 52 #SUP: 2
227 229 53 67 6 #SUP: 2
227 229 53 67 52 6 #SUP: 2
227 229 53 52 #SUP: 2
227 229 53 52 6 #SUP: 2
227 229 53 6 #SUP: 2
227 229 67 #SUP: 2
227 229 67 52 #SUP: 2
227 229 67 6 #SUP: 2
227 229 67 52 6 #SUP: 2
227 229 52 #SUP: 2
227 229 52 6 #SUP: 2
227 229 6 #SUP: 2
227 79 #SUP: 2
227 79 53 #SUP: 2
227 79 53 67 #SUP: 2
227 79 53 67 52 #SUP: 2
227 79 53 67 6 #SUP: 2
227 79 53 67 52 6 #SUP: 2
227 79 53 52 #SUP: 2
227 79 53 52 6 #SUP: 2
227 79 53 6 #SUP: 2
227 79 67 #SUP: 2
227 79 67 52 #SUP: 2
227 79 67 6 #SUP: 2
227 79 67 52 6 #SUP: 2
227 79 52 #SUP: 2
227 79 52 6 #SUP: 2
227 79 6 #SUP: 2
227 53 #SUP: 2
227 53 67 #SUP: 2
227 53 67 52 #SUP: 2
227 53 67 6 #SUP: 2
227 53 67 52 6 #SUP: 2
227 53 52 #SUP: 2
227 53 52 6 #SUP: 2
227 53 6 #SUP: 2
227 67 #SUP: 2
227 67 52 #SUP: 2
227 67 6 #SUP: 2
227 67 52 6 #SUP: 2
227 52 #SUP: 2
227 52 6 #SUP: 2
227 6 #SUP: 2
229 79 #SUP: 2
229 79 53 #SUP: 2
229 79 53 67 #SUP: 2
229 79 53 67 52 #SUP: 2
229 79 53 67 6 #SUP: 2
229 79 53 67 52 6 #SUP: 2
229 79 53 52 #SUP: 2
229 79 53 52 6 #SUP: 2
229 79 53 6 #SUP: 2
229 79 67 #SUP: 2
229 79 67 52 #SUP: 2
229 79 67 6 #SUP: 2
229 79 67 52 6 #SUP: 2
229 79 52 #SUP: 2
229 79 52 6 #SUP: 2
229 79 6 #SUP: 2
229 53 #SUP: 2
229 53 67 #SUP: 2
229 53 67 52 #SUP: 2
229 53 67 6 #SUP: 2
229 53 67 52 6 #SUP: 2
229 53 52 #SUP: 2
229 53 52 6 #SUP: 2
229 53 6 #SUP: 2
229 67 #SUP: 2
229 67 52 #SUP: 2
229 67 6 #SUP: 2
229 67 52 6 #SUP: 2
229 52 #SUP: 2
229 52 6 #SUP: 2
229 6 #SUP: 2
3 136 #SUP: 2
3 140 #SUP: 2
7 6 #SUP: 2
64 135 #SUP: 2
64 6 #SUP: 2
68 87 #SUP: 2
68 87 6 #SUP: 2
68 89 #SUP: 2
68 89 65 #SUP: 2
68 89 6 #SUP: 2
68 89 65 6 #SUP: 2
68 65 #SUP: 2
68 65 6 #SUP: 2
68 6 #SUP: 3
75 138 #SUP: 2
75 138 135 #SUP: 2
75 138 135 67 #SUP: 2
75 138 135 6 #SUP: 2
75 138 135 67 6 #SUP: 2
75 138 67 #SUP: 2
75 138 67 6 #SUP: 2
75 138 6 #SUP: 2
75 135 #SUP: 2
75 135 67 #SUP: 2
75 135 6 #SUP: 2
75 135 67 6 #SUP: 2
75 140 #SUP: 2
75 140 53 #SUP: 2
75 140 52 #SUP: 2
75 140 53 52 #SUP: 2
75 53 #SUP: 2
75 53 52 #SUP: 2
75 67 #SUP: 2
75 67 6 #SUP: 2
75 52 #SUP: 2
75 6 #SUP: 2
87 65 #SUP: 2
87 6 #SUP: 3
87 65 6 #SUP: 2
89 138 #SUP: 2
89 138 65 #SUP: 2
89 138 65 67 #SUP: 2
89 138 65 6 #SUP: 2
89 138 65 67 6 #SUP: 2
89 138 67 #SUP: 2
89 138 67 6 #SUP: 2
89 138 6 #SUP: 2
89 65 #SUP: 3
89 65 53 #SUP: 2
89 65 53 52 #SUP: 2
89 65 53 6 #SUP: 2
89 65 53 52 6 #SUP: 2
89 65 67 #SUP: 2
89 65 67 6 #SUP: 2
89 65 52 #SUP: 2
89 65 52 6 #SUP: 2
89 65 6 #SUP: 3
89 53 #SUP: 2
89 53 52 #SUP: 2
89 53 6 #SUP: 2
89 53 52 6 #SUP: 2
89 67 #SUP: 2
89 67 6 #SUP: 2
89 52 #SUP: 2
89 52 6 #SUP: 2
89 6 #SUP: 3
138 65 #SUP: 2
138 65 67 #SUP: 2
138 65 6 #SUP: 2
138 65 67 6 #SUP: 2
138 135 #SUP: 2
138 135 67 #SUP: 2
138 135 6 #SUP: 2
138 135 67 6 #SUP: 2
138 67 #SUP: 3
138 67 6 #SUP: 3
138 6 #SUP: 3
142 136 #SUP: 2
142 136 67 #SUP: 2
142 136 52 #SUP: 2
142 136 67 52 #SUP: 2
142 53 #SUP: 2
142 53 52 #SUP: 2
142 53 6 #SUP: 2
142 53 52 6 #SUP: 2
142 67 #SUP: 2
142 67 52 #SUP: 2
142 52 #SUP: 3
142 52 6 #SUP: 2
142 6 #SUP: 2
162 79 #SUP: 2
162 135 #SUP: 2
162 79 135 #SUP: 2
65 140 #SUP: 2
65 140 6 #SUP: 2
65 53 #SUP: 2
65 53 52 #SUP: 2
65 53 6 #SUP: 2
65 53 52 6 #SUP: 2
65 67 #SUP: 2
65 67 6 #SUP: 2
65 52 #SUP: 2
65 52 6 #SUP: 2
65 6 #SUP: 4
79 135 #SUP: 2
79 53 #SUP: 2
79 53 67 #SUP: 2
79 53 67 52 #SUP: 2
79 53 67 6 #SUP: 2
79 53 67 52 6 #SUP: 2
79 53 52 #SUP: 2
79 53 52 6 #SUP: 2
79 53 6 #SUP: 2
79 67 #SUP: 2
79 67 52 #SUP: 2
79 67 6 #SUP: 2
79 67 52 6 #SUP: 2
79 52 #SUP: 2
79 52 6 #SUP: 2
79 6 #SUP: 2
136 140 #SUP: 2
136 53 #SUP: 2
136 53 67 #SUP: 2
136 53 67 52 #SUP: 2
136 53 67 6 #SUP: 2
136 53 67 52 6 #SUP: 2
136 53 52 #SUP: 2
136 53 52 6 #SUP: 2
136 53 6 #SUP: 2
136 67 #SUP: 3
136 67 52 #SUP: 3
136 67 6 #SUP: 2
136 67 52 6 #SUP: 2
136 52 #SUP: 3
136 52 6 #SUP: 2
136 6 #SUP: 2
135 67 #SUP: 2
135 6 #SUP: 3
135 67 6 #SUP: 2
140 53 #SUP: 2
140 53 52 #SUP: 2
140 52 #SUP: 2
140 6 #SUP: 2
53 67 #SUP: 3
53 67 52 #SUP: 3
53 67 6 #SUP: 3
53 67 52 6 #SUP: 3
53 52 #SUP: 6
53 52 6 #SUP: 5
53 6 #SUP: 5
67 52 #SUP: 4
67 6 #SUP: 5
67 52 6 #SUP: 3
52 6 #SUP: 5
