6 #SUP: 5
138 #SUP: 3
11 #SUP: 2
145 #SUP: 2
167 #SUP: 2
50 #SUP: 2
52 #SUP: 2
54 #SUP: 3
64 #SUP: 2
65 #SUP: 3
66 #SUP: 2
67 #SUP: 5
68 #SUP: 3
75 #SUP: 2
76 #SUP: 2
81 #SUP: 2
83 #SUP: 3
87 #SUP: 3
89 #SUP: 3
104 #SUP: 2
118 #SUP: 2
122 #SUP: 4
11 64 #SUP: 2
11 64 138 #SUP: 2
11 64 138 54 #SUP: 2
11 64 138 54 68 #SUP: 2
11 64 138 54 68 83 #SUP: 2
11 64 138 54 68 83 87 #SUP: 2
11 64 138 54 68 83 87 89 #SUP: 2
11 64 138 54 68 83 87 89 122 #SUP: 2
11 64 138 54 68 83 87 89 6 #SUP: 2
11 64 138 54 68 83 87 89 122 6 #SUP: 2
11 64 138 54 68 83 87 122 #SUP: 2
11 64 138 54 68 83 87 122 6 #SUP: 2
11 64 138 54 68 83 87 6 #SUP: 2
11 64 138 54 68 83 89 #SUP: 2
11 64 138 54 68 83 89 122 #SUP: 2
11 64 138 54 68 83 89 6 #SUP: 2
11 64 138 54 68 83 89 122 6 #SUP: 2
11 64 138 54 68 83 122 #SUP: 2
11 64 138 54 68 83 122 6 #SUP: 2
11 64 138 54 68 83 6 #SUP: 2
11 64 138 54 68 87 #SUP: 2
11 64 138 54 68 87 89 #SUP: 2
11 64 138 54 68 87 89 122 #SUP: 2
11 64 138 54 68 87 89 6 #SUP: 2
11 64 138 54 68 87 89 122 6 #SUP: 2
11 64 138 54 68 87 122 #SUP: 2
11 64 138 54 68 87 122 6 #SUP: 2
11 64 138 54 68 87 6 #SUP: 2
11 64 138 54 68 89 #SUP: 2
11 64 138 54 68 89 122 #SUP: 2
11 64 138 54 68 89 6 #SUP: 2
11 64 138 54 68 89 122 6 #SUP: 2
11 64 138 54 68 122 #SUP: 2
11 64 138 54 68 122 6 #SUP: 2
11 64 138 54 68 6 #SUP: 2
11 64 138 54 83 #SUP: 2
11 64 138 54 83 87 #SUP: 2
11 64 138 54 83 87 89 #SUP: 2
11 64 138 54 83 87 89 122 #SUP: 2
11 64 138 54 83 87 89 6 #SUP: 2
11 64 138 54 83 87 89 122 6 #SUP: 2
11 64 138 54 83 87 122 #SUP: 2
11 64 138 54 83 87 122 6 #SUP: 2
11 64 138 54 83 87 6 #SUP: 2
11 64 138 54 83 89 #SUP: 2
11 64 138 54 83 89 122 #SUP: 2
11 64 138 54 83 89 6 #SUP: 2
11 64 138 54 83 89 122 6 #SUP: 2
11 64 138 54 83 122 #SUP: 2
11 64 138 54 83 122 6 #SUP: 2
11 64 138 54 83 6 #SUP: 2
11 64 138 54 87 #SUP: 2
11 64 138 54 87 89 #SUP: 2
11 64 138 54 87 89 122 #SUP: 2
11 64 138 54 87 89 6 #SUP: 2
11 64 138 54 87 89 122 6 #SUP: 2
11 64 138 54 87 122 #SUP: 2
11 64 138 54 87 122 6 #SUP: 2
11 64 138 54 87 6 #SUP: 2
11 64 138 54 89 #SUP: 2
11 64 138 54 89 122 #SUP: 2
11 64 138 54 89 6 #SUP: 2
11 64 138 54 89 122 6 #SUP: 2
11 64 138 54 122 #SUP: 2
11 64 138 54 122 6 #SUP: 2
11 64 138 54 6 #SUP: 2
11 64 138 68 #SUP: 2
11 64 138 68 83 #SUP: 2
11 64 138 68 83 87 #SUP: 2
11 64 138 68 83 87 89 #SUP: 2
11 64 138 68 83 87 89 122 #SUP: 2
11 64 138 68 83 87 89 6 #SUP: 2
11 64 138 68 83 87 89 122 6 #SUP: 2
11 64 138 68 83 87 122 #SUP: 2
11 64 138 68 83 87 122 6 #SUP: 2
11 64 138 68 83 87 6 #SUP: 2
11 64 138 68 83 89 #SUP: 2
11 64 138 68 83 89 122 #SUP: 2
11 64 138 68 83 89 6 #SUP: 2
11 64 138 68 83 89 122 6 #SUP: 2
11 64 138 68 83 122 #SUP: 2
11 64 138 68 83 122 6 #SUP: 2
11 64 138 68 83 6 #SUP: 2
11 64 138 68 87 #SUP: 2
11 64 138 68 87 89 #SUP: 2
11 64 138 68 87 89 122 #SUP: 2
11 64 138 68 87 89 6 #SUP: 2
11 64 138 68 87 89 122 6 #SUP: 2
11 64 138 68 87 122 #SUP: 2
11 64 138 68 87 122 6 #SUP: 2
11 64 138 68 87 6 #SUP: 2
11 64 138 68 89 #SUP: 2
11 64 138 68 89 122 #SUP: 2
11 64 138 68 89 6 #SUP: 2
11 64 138 68 89 122 6 #SUP: 2
11 64 138 68 122 #SUP: 2
11 64 138 68 122 6 #SUP: 2
11 64 138 68 6 #SUP: 2
11 64 138 83 #SUP: 2
11 64 138 83 87 #SUP: 2
11 64 138 83 87 89 #SUP: 2
11 64 138 83 87 89 122 #SUP: 2
11 64 138 83 87 89 6 #SUP: 2
11 64 138 83 87 89 122 6 #SUP: 2
11 64 138 83 87 122 #SUP: 2
11 64 138 83 87 122 6 #SUP: 2
11 64 138 83 87 6 #SUP: 2
11 64 138 83 89 #SUP: 2
11 64 138 83 89 122 #SUP: 2
11 64 138 83 89 6 #SUP: 2
11 64 138 83 89 122 6 #SUP: 2
11 64 138 83 122 #SUP: 2
11 64 138 83 122 6 #SUP: 2
11 64 138 83 6 #SUP: 2
11 64 138 87 #SUP: 2
11 64 138 87 89 #SUP: 2
11 64 138 87 89 122 #SUP: 2
11 64 138 87 89 6 #SUP: 2
11 64 138 87 89 122 6 #SUP: 2
11 64 138 87 122 #SUP: 2
11 64 138 87 122 6 #SUP: 2
11 64 138 87 6 #SUP: 2
11 64 138 89 #SUP: 2
11 64 138 89 122 #SUP: 2
11 64 138 89 6 #SUP: 2
11 64 138 89 122 6 #SUP: 2
11 64 138 122 #SUP: 2
11 64 138 122 6 #SUP: 2
11 64 138 6 #SUP: 2
11 64 54 #SUP: 2
11 64 54 68 #SUP: 2
11 64 54 68 83 #SUP: 2
11 64 54 68 83 87 #SUP: 2
11 64 54 68 83 87 89 #SUP: 2
11 64 54 68 83 87 89 122 #SUP: 2
11 64 54 68 83 87 89 6 #SUP: 2
11 64 54 68 83 87 89 122 6 #SUP: 2
11 64 54 68 83 87 122 #SUP: 2
11 64 54 68 83 87 122 6 #SUP: 2
11 64 54 68 83 87 6 #SUP: 2
11 64 54 68 83 89 #SUP: 2
11 64 54 68 83 89 122 #SUP: 2
11 64 54 68 83 89 6 #SUP: 2
11 64 54 68 83 89 122 6 #SUP: 2
11 64 54 68 83 122 #SUP: 2
11 64 54 68 83 122 6 #SUP: 2
11 64 54 68 83 6 #SUP: 2
11 64 54 68 87 #SUP: 2
11 64 54 68 87 89 #SUP: 2
11 64 54 68 87 89 122 #SUP: 2
11 64 54 68 87 89 6 #SUP: 2
11 64 54 68 87 89 122 6 #SUP: 2
11 64 54 68 87 122 #SUP: 2
11 64 54 68 87 122 6 #SUP: 2
11 64 54 68 87 6 #SUP: 2
11 64 54 68 89 #SUP: 2
11 64 54 68 89 122 #SUP: 2
11 64 54 68 89 6 #SUP: 2
11 64 54 68 89 122 6 #SUP: 2
11 64 54 68 122 #SUP: 2
11 64 54 68 122 6 #SUP: 2
11 64 54 68 6 #SUP: 2
11 64 54 83 #SUP: 2
11 64 54 83 87 #SUP: 2
11 64 54 83 87 89 #SUP: 2
11 64 54 83 87 89 122 #SUP: 2
11 64 54 83 87 89 6 #SUP: 2
11 64 54 83 87 89 122 6 #SUP: 2
11 64 54 83 87 122 #SUP: 2
11 64 54 83 87 122 6 #SUP: 2
11 64 54 83 87 6 #SUP: 2
11 64 54 83 89 #SUP: 2
11 64 54 83 89 122 #SUP: 2
11 64 54 83 89 6 #SUP: 2
11 64 54 83 89 122 6 #SUP: 2
11 64 54 83 122 #SUP: 2
11 64 54 83 122 6 #SUP: 2
11 64 54 83 6 #SUP: 2
11 64 54 87 #SUP: 2
11 64 54 87 89 #SUP: 2
11 64 54 87 89 122 #SUP: 2
11 64 54 87 89 6 #SUP: 2
11 64 54 87 89 122 6 #SUP: 2
11 64 54 87 122 #SUP: 2
11 64 54 87 122 6 #SUP: 2
11 64 54 87 6 #SUP: 2
11 64 54 89 #SUP: 2
11 64 54 89 122 #SUP: 2
11 64 54 89 6 #SUP: 2
11 64 54 89 122 6 #SUP: 2
11 64 54 122 #SUP: 2
11 64 54 122 6 #SUP: 2
11 64 54 6 #SUP: 2
11 64 68 #SUP: 2
11 64 68 83 #SUP: 2
11 64 68 83 87 #SUP: 2
11 64 68 83 87 89 #SUP: 2
11 64 68 83 87 89 122 #SUP: 2
11 64 68 83 87 89 6 #SUP: 2
11 64 68 83 87 89 122 6 #SUP: 2
11 64 68 83 87 122 #SUP: 2
11 64 68 83 87 122 6 #SUP: 2
11 64 68 83 87 6 #SUP: 2
11 64 68 83 89 #SUP: 2
11 64 68 83 89 122 #SUP: 2
11 64 68 83 89 6 #SUP: 2
11 64 68 83 89 122 6 #SUP: 2
11 64 68 83 122 #SUP: 2
11 64 68 83 122 6 #SUP: 2
11 64 68 83 6 #SUP: 2
11 64 68 87 #SUP: 2
11 64 68 87 89 #SUP: 2
11 64 68 87 89 122 #SUP: 2
11 64 68 87 89 6 #SUP: 2
11 64 68 87 89 122 6 #SUP: 2
11 64 68 87 122 #SUP: 2
11 64 68 87 122 6 #SUP: 2
11 64 68 87 6 #SUP: 2
11 64 68 89 #SUP: 2
11 64 68 89 122 #SUP: 2
11 64 68 89 6 #SUP: 2
11 64 68 89 122 6 #SUP: 2
11 64 68 122 #SUP: 2
11 64 68 122 6 #SUP: 2
11 64 68 6 #SUP: 2
11 64 83 #SUP: 2
11 64 83 87 #SUP: 2
11 64 83 87 89 #SUP: 2
11 64 83 87 89 122 #SUP: 2
11 64 83 87 89 6 #SUP: 2
11 64 83 87 89 122 6 #SUP: 2
11 64 83 87 122 #SUP: 2
11 64 83 87 122 6 #SUP: 2
11 64 83 87 6 #SUP: 2
11 64 83 89 #SUP: 2
11 64 83 89 122 #SUP: 2
11 64 83 89 6 #SUP: 2
11 64 83 89 122 6 #SUP: 2
11 64 83 122 #SUP: 2
11 64 83 122 6 #SUP: 2
11 64 83 6 #SUP: 2
11 64 87 #SUP: 2
11 64 87 89 #SUP: 2
11 64 87 89 122 #SUP: 2
11 64 87 89 6 #SUP: 2
11 64 87 89 122 6 #SUP: 2
11 64 87 122 #SUP: 2
11 64 87 122 6 #SUP: 2
11 64 87 6 #SUP: 2
11 64 89 #SUP: 2
11 64 89 122 #SUP: 2
11 64 89 6 #SUP: 2
11 64 89 122 6 #SUP: 2
11 64 122 #SUP: 2
11 64 122 6 #SUP: 2
11 64 6 #SUP: 2
11 138 #SUP: 2
11 138 54 #SUP: 2
11 138 54 68 #SUP: 2
11 138 54 68 83 #SUP: 2
11 138 54 68 83 87 #SUP: 2
11 138 54 68 83 87 89 #SUP: 2
11 138 54 68 83 87 89 122 #SUP: 2
11 138 54 68 83 87 89 6 #SUP: 2
11 138 54 68 83 87 89 122 6 #SUP: 2
11 138 54 68 83 87 122 #SUP: 2
11 138 54 68 83 87 122 6 #SUP: 2
11 138 54 68 83 87 6 #SUP: 2
11 138 54 68 83 89 #SUP: 2
11 138 54 68 83 89 122 #SUP: 2
11 138 54 68 83 89 6 #SUP: 2
11 138 54 68 83 89 122 6 #SUP: 2
11 138 54 68 83 122 #SUP: 2
11 138 54 68 83 122 6 #SUP: 2
11 138 54 68 83 6 #SUP: 2
11 138 54 68 87 #SUP: 2
11 138 54 68 87 89 #SUP: 2
11 138 54 68 87 89 122 #SUP: 2
11 138 54 68 87 89 6 #SUP: 2
11 138 54 68 87 89 122 6 #SUP: 2
11 138 54 68 87 122 #SUP: 2
11 138 54 68 87 122 6 #SUP: 2
11 138 54 68 87 6 #SUP: 2
11 138 54 68 89 #SUP: 2
11 138 54 68 89 122 #SUP: 2
11 138 54 68 89 6 #SUP: 2
11 138 54 68 89 122 6 #SUP: 2
11 138 54 68 122 #SUP: 2
11 138 54 68 122 6 #SUP: 2
11 138 54 68 6 #SUP: 2
11 138 54 83 #SUP: 2
11 138 54 83 87 #SUP: 2
11 138 54 83 87 89 #SUP: 2
11 138 54 83 87 89 122 #SUP: 2
11 138 54 83 87 89 6 #SUP: 2
11 138 54 83 87 89 122 6 #SUP: 2
11 138 54 83 87 122 #SUP: 2
11 138 54 83 87 122 6 #SUP: 2
11 138 54 83 87 6 #SUP: 2
11 138 54 83 89 #SUP: 2
11 138 54 83 89 122 #SUP: 2
11 138 54 83 89 6 #SUP: 2
11 138 54 83 89 122 6 #SUP: 2
11 138 54 83 122 #SUP: 2
11 138 54 83 122 6 #SUP: 2
11 138 54 83 6 #SUP: 2
11 138 54 87 #SUP: 2
11 138 54 87 89 #SUP: 2
11 138 54 87 89 122 #SUP: 2
11 138 54 87 89 6 #SUP: 2
11 138 54 87 89 122 6 #SUP: 2
11 138 54 87 122 #SUP: 2
11 138 54 87 122 6 #SUP: 2
11 138 54 87 6 #SUP: 2
11 138 54 89 #SUP: 2
11 138 54 89 122 #SUP: 2
11 138 54 89 6 #SUP: 2
11 138 54 89 122 6 #SUP: 2
11 138 54 122 #SUP: 2
11 138 54 122 6 #SUP: 2
11 138 54 6 #SUP: 2
11 138 68 #SUP: 2
11 138 68 83 #SUP: 2
11 138 68 83 87 #SUP: 2
11 138 68 83 87 89 #SUP: 2
11 138 68 83 87 89 122 #SUP: 2
11 138 68 83 87 89 6 #SUP: 2
11 138 68 83 87 89 122 6 #SUP: 2
11 138 68 83 87 122 #SUP: 2
11 138 68 83 87 122 6 #SUP: 2
11 138 68 83 87 6 #SUP: 2
11 138 68 83 89 #SUP: 2
11 138 68 83 89 122 #SUP: 2
11 138 68 83 89 6 #SUP: 2
11 138 68 83 89 122 6 #SUP: 2
11 138 68 83 122 #SUP: 2
11 138 68 83 122 6 #SUP: 2
11 138 68 83 6 #SUP: 2
11 138 68 87 #SUP: 2
11 138 68 87 89 #SUP: 2
11 138 68 87 89 122 #SUP: 2
11 138 68 87 89 6 #SUP: 2
11 138 68 87 89 122 6 #SUP: 2
11 138 68 87 122 #SUP: 2
11 138 68 87 122 6 #SUP: 2
11 138 68 87 6 #SUP: 2
11 138 68 89 #SUP: 2
11 138 68 89 122 #SUP: 2
11 138 68 89 6 #SUP: 2
11 138 68 89 122 6 #SUP: 2
11 138 68 122 #SUP: 2
11 138 68 122 6 #SUP: 2
11 138 68 6 #SUP: 2
11 138 83 #SUP: 2
11 138 83 87 #SUP: 2
11 138 83 87 89 #SUP: 2
11 138 83 87 89 122 #SUP: 2
11 138 83 87 89 6 #SUP: 2
11 138 83 87 89 122 6 #SUP: 2
11 138 83 87 122 #SUP: 2
11 138 83 87 122 6 #SUP: 2
11 138 83 87 6 #SUP: 2
11 138 83 89 #SUP: 2
11 138 83 89 122 #SUP: 2
11 138 83 89 6 #SUP: 2
11 138 83 89 122 6 #SUP: 2
11 138 83 122 #SUP: 2
11 138 83 122 6 #SUP: 2
11 138 83 6 #SUP: 2
11 138 87 #SUP: 2
11 138 87 89 #SUP: 2
11 138 87 89 122 #SUP: 2
11 138 87 89 6 #SUP: 2
11 138 87 89 122 6 #SUP: 2
11 138 87 122 #SUP: 2
11 138 87 122 6 #SUP: 2
11 138 87 6 #SUP: 2
11 138 89 #SUP: 2
11 138 89 122 #SUP: 2
11 138 89 6 #SUP: 2
11 138 89 122 6 #SUP: 2
11 138 122 #SUP: 2
11 138 122 6 #SUP: 2
11 138 6 #SUP: 2
11 54 #SUP: 2
11 54 68 #SUP: 2
11 54 68 83 #SUP: 2
11 54 68 83 87 #SUP: 2
11 54 68 83 87 89 #SUP: 2
11 54 68 83 87 89 122 #SUP: 2
11 54 68 83 87 89 6 #SUP: 2
11 54 68 83 87 89 122 6 #SUP: 2
11 54 68 83 87 122 #SUP: 2
11 54 68 83 87 122 6 #SUP: 2
11 54 68 83 87 6 #SUP: 2
11 54 68 83 89 #SUP: 2
11 54 68 83 89 122 #SUP: 2
11 54 68 83 89 6 #SUP: 2
11 54 68 83 89 122 6 #SUP: 2
11 54 68 83 122 #SUP: 2
11 54 68 83 122 6 #SUP: 2
11 54 68 83 6 #SUP: 2
11 54 68 87 #SUP: 2
11 54 68 87 89 #SUP: 2
11 54 68 87 89 122 #SUP: 2
11 54 68 87 89 6 #SUP: 2
11 54 68 87 89 122 6 #SUP: 2
11 54 68 87 122 #SUP: 2
11 54 68 87 122 6 #SUP: 2
11 54 68 87 6 #SUP: 2
11 54 68 89 #SUP: 2
11 54 68 89 122 #SUP: 2
11 54 68 89 6 #SUP: 2
11 54 68 89 122 6 #SUP: 2
11 54 68 122 #SUP: 2
11 54 68 122 6 #SUP: 2
11 54 68 6 #SUP: 2
11 54 83 #SUP: 2
11 54 83 87 #SUP: 2
11 54 83 87 89 #SUP: 2
11 54 83 87 89 122 #SUP: 2
11 54 83 87 89 6 #SUP: 2
11 54 83 87 89 122 6 #SUP: 2
11 54 83 87 122 #SUP: 2
11 54 83 87 122 6 #SUP: 2
11 54 83 87 6 #SUP: 2
11 54 83 89 #SUP: 2
11 54 83 89 122 #SUP: 2
11 54 83 89 6 #SUP: 2
11 54 83 89 122 6 #SUP: 2
11 54 83 122 #SUP: 2
11 54 83 122 6 #SUP: 2
11 54 83 6 #SUP: 2
11 54 87 #SUP: 2
11 54 87 89 #SUP: 2
11 54 87 89 122 #SUP: 2
11 54 87 89 6 #SUP: 2
11 54 87 89 122 6 #SUP: 2
11 54 87 122 #SUP: 2
11 54 87 122 6 #SUP: 2
11 54 87 6 #SUP: 2
11 54 89 #SUP: 2
11 54 89 122 #SUP: 2
11 54 89 6 #SUP: 2
11 54 89 122 6 #SUP: 2
11 54 122 #SUP: 2
11 54 122 6 #SUP: 2
11 54 6 #SUP: 2
11 68 #SUP: 2
11 68 83 #SUP: 2
11 68 83 87 #SUP: 2
11 68 83 87 89 #SUP: 2
11 68 83 87 89 122 #SUP: 2
11 68 83 87 89 6 #SUP: 2
11 68 83 87 89 122 6 #SUP: 2
11 68 83 87 122 #SUP: 2
11 68 83 87 122 6 #SUP: 2
11 68 83 87 6 #SUP: 2
11 68 83 89 #SUP: 2
11 68 83 89 122 #SUP: 2
11 68 83 89 6 #SUP: 2
11 68 83 89 122 6 #SUP: 2
11 68 83 122 #SUP: 2
11 68 83 122 6 #SUP: 2
11 68 83 6 #SUP: 2
11 68 87 #SUP: 2
11 68 87 89 #SUP: 2
11 68 87 89 122 #SUP: 2
11 68 87 89 6 #SUP: 2
11 68 87 89 122 6 #SUP: 2
11 68 87 122 #SUP: 2
11 68 87 122 6 #SUP: 2
11 68 87 6 #SUP: 2
11 68 89 #SUP: 2
11 68 89 122 #SUP: 2
11 68 89 6 #SUP: 2
11 68 89 122 6 #SUP: 2
11 68 122 #SUP: 2
11 68 122 6 #SUP: 2
11 68 6 #SUP: 2
11 83 #SUP: 2
11 83 87 #SUP: 2
11 83 87 89 #SUP: 2
11 83 87 89 122 #SUP: 2
11 83 87 89 6 #SUP: 2
11 83 87 89 122 6 #SUP: 2
11 83 87 122 #SUP: 2
11 83 87 122 6 #SUP: 2
11 83 87 6 #SUP: 2
11 83 89 #SUP: 2
11 83 89 122 #SUP: 2
11 83 89 6 #SUP: 2
11 83 89 122 6 #SUP: 2
11 83 122 #SUP: 2
11 83 122 6 #SUP: 2
11 83 6 #SUP: 2
11 87 #SUP: 2
11 87 89 #SUP: 2
11 87 89 122 #SUP: 2
11 87 89 6 #SUP: 2
11 87 89 122 6 #SUP: 2
11 87 122 #SUP: 2
11 87 122 6 #SUP: 2
11 87 6 #SUP: 2
11 89 #SUP: 2
11 89 122 #SUP: 2
11 89 6 #SUP: 2
11 89 122 6 #SUP: 2
11 122 #SUP: 2
11 122 6 #SUP: 2
11 6 #SUP: 2
145 6 #SUP: 2
64 138 #SUP: 2
64 138 54 #SUP: 2
64 138 54 68 #SUP: 2
64 138 54 68 83 #SUP: 2
64 138 54 68 83 87 #SUP: 2
64 138 54 68 83 87 89 #SUP: 2
64 138 54 68 83 87 89 122 #SUP: 2
64 138 54 68 83 87 89 6 #SUP: 2
64 138 54 68 83 87 89 122 6 #SUP: 2
64 138 54 68 83 87 122 #SUP: 2
64 138 54 68 83 87 122 6 #SUP: 2
64 138 54 68 83 87 6 #SUP: 2
64 138 54 68 83 89 #SUP: 2
64 138 54 68 83 89 122 #SUP: 2
64 138 54 68 83 89 6 #SUP: 2
64 138 54 68 83 89 122 6 #SUP: 2
64 138 54 68 83 122 #SUP: 2
64 138 54 68 83 122 6 #SUP: 2
64 138 54 68 83 6 #SUP: 2
64 138 54 68 87 #SUP: 2
64 138 54 68 87 89 #SUP: 2
64 138 54 68 87 89 122 #SUP: 2
64 138 54 68 87 89 6 #SUP: 2
64 138 54 68 87 89 122 6 #SUP: 2
64 138 54 68 87 122 #SUP: 2
64 138 54 68 87 122 6 #SUP: 2
64 138 54 68 87 6 #SUP: 2
64 138 54 68 89 #SUP: 2
64 138 54 68 89 122 #SUP: 2
64 138 54 68 89 6 #SUP: 2
64 138 54 68 89 122 6 #SUP: 2
64 138 54 68 122 #SUP: 2
64 138 54 68 122 6 #SUP: 2
64 138 54 68 6 #SUP: 2
64 138 54 83 #SUP: 2
64 138 54 83 87 #SUP: 2
64 138 54 83 87 89 #SUP: 2
64 138 54 83 87 89 122 #SUP: 2
64 138 54 83 87 89 6 #SUP: 2
64 138 54 83 87 89 122 6 #SUP: 2
64 138 54 83 87 122 #SUP: 2
64 138 54 83 87 122 6 #SUP: 2
64 138 54 83 87 6 #SUP: 2
64 138 54 83 89 #SUP: 2
64 138 54 83 89 122 #SUP: 2
64 138 54 83 89 6 #SUP: 2
64 138 54 83 89 122 6 #SUP: 2
64 138 54 83 122 #SUP: 2
64 138 54 83 122 6 #SUP: 2
64 138 54 83 6 #SUP: 2
64 138 54 87 #SUP: 2
64 138 54 87 89 #SUP: 2
64 138 54 87 89 122 #SUP: 2
64 138 54 87 89 6 #SUP: 2
64 138 54 87 89 122 6 #SUP: 2
64 138 54 87 122 #SUP: 2
64 138 54 87 122 6 #SUP: 2
64 138 54 87 6 #SUP: 2
64 138 54 89 #SUP: 2
64 138 54 89 122 #SUP: 2
64 138 54 89 6 #SUP: 2
64 138 54 89 122 6 #SUP: 2
64 138 54 122 #SUP: 2
64 138 54 122 6 #SUP: 2
64 138 54 6 #SUP: 2
64 138 68 #SUP: 2
64 138 68 83 #SUP: 2
64 138 68 83 87 #SUP: 2
64 138 68 83 87 89 #SUP: 2
64 138 68 83 87 89 122 #SUP: 2
64 138 68 83 87 89 6 #SUP: 2
64 138 68 83 87 89 122 6 #SUP: 2
64 138 68 83 87 122 #SUP: 2
64 138 68 83 87 122 6 #SUP: 2
64 138 68 83 87 6 #SUP: 2
64 138 68 83 89 #SUP: 2
64 138 68 83 89 122 #SUP: 2
64 138 68 83 89 6 #SUP: 2
64 138 68 83 89 122 6 #SUP: 2
64 138 68 83 122 #SUP: 2
64 138 68 83 122 6 #SUP: 2
64 138 68 83 6 #SUP: 2
64 138 68 87 #SUP: 2
64 138 68 87 89 #SUP: 2
64 138 68 87 89 122 #SUP: 2
64 138 68 87 89 6 #SUP: 2
64 138 68 87 89 122 6 #SUP: 2
64 138 68 87 122 #SUP: 2
64 138 68 87 122 6 #SUP: 2
64 138 68 87 6 #SUP: 2
64 138 68 89 #SUP: 2
64 138 68 89 122 #SUP: 2
64 138 68 89 6 #SUP: 2
64 138 68 89 122 6 #SUP: 2
64 138 68 122 #SUP: 2
64 138 68 122 6 #SUP: 2
64 138 68 6 #SUP: 2
64 138 83 #SUP: 2
64 138 83 87 #SUP: 2
64 138 83 87 89 #SUP: 2
64 138 83 87 89 122 #SUP: 2
64 138 83 87 89 6 #SUP: 2
64 138 83 87 89 122 6 #SUP: 2
64 138 83 87 122 #SUP: 2
64 138 83 87 122 6 #SUP: 2
64 138 83 87 6 #SUP: 2
64 138 83 89 #SUP: 2
64 138 83 89 122 #SUP: 2
64 138 83 89 6 #SUP: 2
64 138 83 89 122 6 #SUP: 2
64 138 83 122 #SUP: 2
64 138 83 122 6 #SUP: 2
64 138 83 6 #SUP: 2
64 138 87 #SUP: 2
64 138 87 89 #SUP: 2
64 138 87 89 122 #SUP: 2
64 138 87 89 6 #SUP: 2
64 138 87 89 122 6 #SUP: 2
64 138 87 122 #SUP: 2
64 138 87 122 6 #SUP: 2
64 138 87 6 #SUP: 2
64 138 89 #SUP: 2
64 138 89 122 #SUP: 2
64 138 89 6 #SUP: 2
64 138 89 122 6 #SUP: 2
64 138 122 #SUP: 2
64 138 122 6 #SUP: 2
64 138 6 #SUP: 2
64 54 #SUP: 2
64 54 68 #SUP: 2
64 54 68 83 #SUP: 2
64 54 68 83 87 #SUP: 2
64 54 68 83 87 89 #SUP: 2
64 54 68 83 87 89 122 #SUP: 2
64 54 68 83 87 89 6 #SUP: 2
64 54 68 83 87 89 122 6 #SUP: 2
64 54 68 83 87 122 #SUP: 2
64 54 68 83 87 122 6 #SUP: 2
64 54 68 83 87 6 #SUP: 2
64 54 68 83 89 #SUP: 2
64 54 68 83 89 122 #SUP: 2
64 54 68 83 89 6 #SUP: 2
64 54 68 83 89 122 6 #SUP: 2
64 54 68 83 122 #SUP: 2
64 54 68 83 122 6 #SUP: 2
64 54 68 83 6 #SUP: 2
64 54 68 87 #SUP: 2
64 54 68 87 89 #SUP: 2
64 54 68 87 89 122 #SUP: 2
64 54 68 87 89 6 #SUP: 2
64 54 68 87 89 122 6 #SUP: 2
64 54 68 87 122 #SUP: 2
64 54 68 87 122 6 #SUP: 2
64 54 68 87 6 #SUP: 2
64 54 68 89 #SUP: 2
64 54 68 89 122 #SUP: 2
64 54 68 89 6 #SUP: 2
64 54 68 89 122 6 #SUP: 2
64 54 68 122 #SUP: 2
64 54 68 122 6 #SUP: 2
64 54 68 6 #SUP: 2
64 54 83 #SUP: 2
64 54 83 87 #SUP: 2
64 54 83 87 89 #SUP: 2
64 54 83 87 89 122 #SUP: 2
64 54 83 87 89 6 #SUP: 2
64 54 83 87 89 122 6 #SUP: 2
64 54 83 87 122 #SUP: 2
64 54 83 87 122 6 #SUP: 2
64 54 83 87 6 #SUP: 2
64 54 83 89 #SUP: 2
64 54 83 89 122 #SUP: 2
64 54 83 89 6 #SUP: 2
64 54 83 89 122 6 #SUP: 2
64 54 83 122 #SUP: 2
64 54 83 122 6 #SUP: 2
64 54 83 6 #SUP: 2
64 54 87 #SUP: 2
64 54 87 89 #SUP: 2
64 54 87 89 122 #SUP: 2
64 54 87 89 6 #SUP: 2
64 54 87 89 122 6 #SUP: 2
64 54 87 122 #SUP: 2
64 54 87 122 6 #SUP: 2
64 54 87 6 #SUP: 2
64 54 89 #SUP: 2
64 54 89 122 #SUP: 2
64 54 89 6 #SUP: 2
64 54 89 122 6 #SUP: 2
64 54 122 #SUP: 2
64 54 122 6 #SUP: 2
64 54 6 #SUP: 2
64 68 #SUP: 2
64 68 83 #SUP: 2
64 68 83 87 #SUP: 2
64 68 83 87 89 #SUP: 2
64 68 83 87 89 122 #SUP: 2
64 68 83 87 89 6 #SUP: 2
64 68 83 87 89 122 6 #SUP: 2
64 68 83 87 122 #SUP: 2
64 68 83 87 122 6 #SUP: 2
64 68 83 87 6 #SUP: 2
64 68 83 89 #SUP: 2
64 68 83 89 122 #SUP: 2
64 68 83 89 6 #SUP: 2
64 68 83 89 122 6 #SUP: 2
64 68 83 122 #SUP: 2
64 68 83 122 6 #SUP: 2
64 68 83 6 #SUP: 2
64 68 87 #SUP: 2
64 68 87 89 #SUP: 2
64 68 87 89 122 #SUP: 2
64 68 87 89 6 #SUP: 2
64 68 87 89 122 6 #SUP: 2
64 68 87 122 #SUP: 2
64 68 87 122 6 #SUP: 2
64 68 87 6 #SUP: 2
64 68 89 #SUP: 2
64 68 89 122 #SUP: 2
64 68 89 6 #SUP: 2
64 68 89 122 6 #SUP: 2
64 68 122 #SUP: 2
64 68 122 6 #SUP: 2
64 68 6 #SUP: 2
64 83 #SUP: 2
64 83 87 #SUP: 2
64 83 87 89 #SUP: 2
64 83 87 89 122 #SUP: 2
64 83 87 89 6 #SUP: 2
64 83 87 89 122 6 #SUP: 2
64 83 87 122 #SUP: 2
64 83 87 122 6 #SUP: 2
64 83 87 6 #SUP: 2
64 83 89 #SUP: 2
64 83 89 122 #SUP: 2
64 83 89 6 #SUP: 2
64 83 89 122 6 #SUP: 2
64 83 122 #SUP: 2
64 83 122 6 #SUP: 2
64 83 6 #SUP: 2
64 87 #SUP: 2
64 87 89 #SUP: 2
64 87 89 122 #SUP: 2
64 87 89 6 #SUP: 2
64 87 89 122 6 #SUP: 2
64 87 122 #SUP: 2
64 87 122 6 #SUP: 2
64 87 6 #SUP: 2
64 89 #SUP: 2
64 89 122 #SUP: 2
64 89 6 #SUP: 2
64 89 122 6 #SUP: 2
64 122 #SUP: 2
64 122 6 #SUP: 2
64 6 #SUP: 2
75 67 #SUP: 2
76 81 #SUP: 2
76 81 65 #SUP: 2
76 81 67 #SUP: 2
76 81 65 67 #SUP: 2
76 65 #SUP: 2
76 65 67 #SUP: 2
76 67 #SUP: 2
81 65 #SUP: 2
81 67 #SUP: 2
81 65 67 #SUP: 2
118 54 #SUP: 2
118 54 65 #SUP: 2
118 54 65 87 #SUP: 2
118 54 65 87 122 #SUP: 2
118 54 65 87 67 #SUP: 2
118 54 65 87 122 67 #SUP: 2
118 54 65 122 #SUP: 2
118 54 65 122 67 #SUP: 2
118 54 65 67 #SUP: 2
118 54 87 #SUP: 2
118 54 87 122 #SUP: 2
118 54 87 67 #SUP: 2
118 54 87 122 67 #SUP: 2
118 54 122 #SUP: 2
118 54 122 67 #SUP: 2
118 54 67 #SUP: 2
118 65 #SUP: 2
118 65 87 #SUP: 2
118 65 87 122 #SUP: 2
118 65 87 67 #SUP: 2
118 65 87 122 67 #SUP: 2
118 65 122 #SUP: 2
118 65 122 67 #SUP: 2
118 65 67 #SUP: 2
118 87 #SUP: 2
118 87 122 #SUP: 2
118 87 67 #SUP: 2
118 87 122 67 #SUP: 2
118 122 #SUP: 2
118 122 67 #SUP: 2
118 67 #SUP: 2
138 54 #SUP: 2
138 54 68 #SUP: 2
138 54 68 83 #SUP: 2
138 54 68 83 87 #SUP: 2
138 54 68 83 87 89 #SUP: 2
138 54 68 83 87 89 122 #SUP: 2
138 54 68 83 87 89 6 #SUP: 2
138 54 68 83 87 89 122 6 #SUP: 2
138 54 68 83 87 122 #SUP: 2
138 54 68 83 87 122 6 #SUP: 2
138 54 68 83 87 6 #SUP: 2
138 54 68 83 89 #SUP: 2
138 54 68 83 89 122 #SUP: 2
138 54 68 83 89 6 #SUP: 2
138 54 68 83 89 122 6 #SUP: 2
138 54 68 83 122 #SUP: 2
138 54 68 83 122 6 #SUP: 2
138 54 68 83 6 #SUP: 2
138 54 68 87 #SUP: 2
138 54 68 87 89 #SUP: 2
138 54 68 87 89 122 #SUP: 2
138 54 68 87 89 6 #SUP: 2
138 54 68 87 89 122 6 #SUP: 2
138 54 68 87 122 #SUP: 2
138 54 68 87 122 6 #SUP: 2
138 54 68 87 6 #SUP: 2
138 54 68 89 #SUP: 2
138 54 68 89 122 #SUP: 2
138 54 68 89 6 #SUP: 2
138 54 68 89 122 6 #SUP: 2
138 54 68 122 #SUP: 2
138 54 68 122 6 #SUP: 2
138 54 68 6 #SUP: 2
138 54 83 #SUP: 2
138 54 83 87 #SUP: 2
138 54 83 87 89 #SUP: 2
138 54 83 87 89 122 #SUP: 2
138 54 83 87 89 6 #SUP: 2
138 54 83 87 89 122 6 #SUP: 2
138 54 83 87 122 #SUP: 2
138 54 83 87 122 6 #SUP: 2
138 54 83 87 6 #SUP: 2
138 54 83 89 #SUP: 2
138 54 83 89 122 #SUP: 2
138 54 83 89 6 #SUP: 2
138 54 83 89 122 6 #SUP: 2
138 54 83 122 #SUP: 2
138 54 83 122 6 #SUP: 2
138 54 83 6 #SUP: 2
138 54 87 #SUP: 2
138 54 87 89 #SUP: 2
138 54 87 89 122 #SUP: 2
138 54 87 89 6 #SUP: 2
138 54 87 89 122 6 #SUP: 2
138 54 87 122 #SUP: 2
138 54 87 122 6 #SUP: 2
138 54 87 6 #SUP: 2
138 54 89 #SUP: 2
138 54 89 122 #SUP: 2
138 54 89 6 #SUP: 2
138 54 89 122 6 #SUP: 2
138 54 122 #SUP: 2
138 54 122 6 #SUP: 2
138 54 6 #SUP: 2
138 68 #SUP: 2
138 68 83 #SUP: 2
138 68 83 87 #SUP: 2
138 68 83 87 89 #SUP: 2
138 68 83 87 89 122 #SUP: 2
138 68 83 87 89 6 #SUP: 2
138 68 83 87 89 122 6 #SUP: 2
138 68 83 87 122 #SUP: 2
138 68 83 87 122 6 #SUP: 2
138 68 83 87 6 #SUP: 2
138 68 83 89 #SUP: 2
138 68 83 89 122 #SUP: 2
138 68 83 89 6 #SUP: 2
138 68 83 89 122 6 #SUP: 2
138 68 83 122 #SUP: 2
138 68 83 122 6 #SUP: 2
138 68 83 6 #SUP: 2
138 68 87 #SUP: 2
138 68 87 89 #SUP: 2
138 68 87 89 122 #SUP: 2
138 68 87 89 6 #SUP: 2
138 68 87 89 122 6 #SUP: 2
138 68 87 122 #SUP: 2
138 68 87 122 6 #SUP: 2
138 68 87 6 #SUP: 2
138 68 89 #SUP: 2
138 68 89 122 #SUP: 2
138 68 89 6 #SUP: 2
138 68 89 122 6 #SUP: 2
138 68 122 #SUP: 2
138 68 122 6 #SUP: 2
138 68 6 #SUP: 2
138 83 #SUP: 2
138 83 87 #SUP: 2
138 83 87 89 #SUP: 2
138 83 87 89 122 #SUP: 2
138 83 87 89 6 #SUP: 2
138 83 87 89 122 6 #SUP: 2
138 83 87 122 #SUP: 2
138 83 87 122 6 #SUP: 2
138 83 87 6 #SUP: 2
138 83 89 #SUP: 2
138 83 89 122 #SUP: 2
138 83 89 6 #SUP: 2
138 83 89 122 6 #SUP: 2
138 83 122 #SUP: 2
138 83 122 6 #SUP: 2
138 83 6 #SUP: 2
138 87 #SUP: 2
138 87 89 #SUP: 2
138 87 89 122 #SUP: 2
138 87 89 6 #SUP: 2
138 87 89 122 6 #SUP: 2
138 87 122 #SUP: 2
138 87 122 6 #SUP: 2
138 87 6 #SUP: 2
138 89 #SUP: 2
138 89 122 #SUP: 2
138 89 6 #SUP: 2
138 89 122 6 #SUP: 2
138 122 #SUP: 2
138 122 6 #SUP: 2
138 6 #SUP: 3
138 6 67 #SUP: 2
138 67 #SUP: 2
54 65 #SUP: 2
54 65 87 #SUP: 2
54 65 87 122 #SUP: 2
54 65 87 67 #SUP: 2
54 65 87 122 67 #SUP: 2
54 65 122 #SUP: 2
54 65 122 67 #SUP: 2
54 65 67 #SUP: 2
54 68 #SUP: 2
54 68 83 #SUP: 2
54 68 83 87 #SUP: 2
54 68 83 87 89 #SUP: 2
54 68 83 87 89 122 #SUP: 2
54 68 83 87 89 6 #SUP: 2
54 68 83 87 89 122 6 #SUP: 2
54 68 83 87 122 #SUP: 2
54 68 83 87 122 6 #SUP: 2
54 68 83 87 6 #SUP: 2
54 68 83 89 #SUP: 2
54 68 83 89 122 #SUP: 2
54 68 83 89 6 #SUP: 2
54 68 83 89 122 6 #SUP: 2
54 68 83 122 #SUP: 2
54 68 83 122 6 #SUP: 2
54 68 83 6 #SUP: 2
54 68 87 #SUP: 2
54 68 87 89 #SUP: 2
54 68 87 89 122 #SUP: 2
54 68 87 89 6 #SUP: 2
54 68 87 89 122 6 #SUP: 2
54 68 87 122 #SUP: 2
54 68 87 122 6 #SUP: 2
54 68 87 6 #SUP: 2
54 68 89 #SUP: 2
54 68 89 122 #SUP: 2
54 68 89 6 #SUP: 2
54 68 89 122 6 #SUP: 2
54 68 122 #SUP: 2
54 68 122 6 #SUP: 2
54 68 6 #SUP: 2
54 83 #SUP: 2
54 83 87 #SUP: 2
54 83 87 89 #SUP: 2
54 83 87 89 122 #SUP: 2
54 83 87 89 6 #SUP: 2
54 83 87 89 122 6 #SUP: 2
54 83 87 122 #SUP: 2
54 83 87 122 6 #SUP: 2
54 83 87 6 #SUP: 2
54 83 89 #SUP: 2
54 83 89 122 #SUP: 2
54 83 89 6 #SUP: 2
54 83 89 122 6 #SUP: 2
54 83 122 #SUP: 2
54 83 122 6 #SUP: 2
54 83 6 #SUP: 2
54 87 #SUP: 3
54 87 89 #SUP: 2
54 87 89 122 #SUP: 2
54 87 89 6 #SUP: 2
54 87 89 122 6 #SUP: 2
54 87 122 #SUP: 3
54 87 122 6 #SUP: 2
54 87 122 67 #SUP: 2
54 87 6 #SUP: 2
54 87 67 #SUP: 2
54 89 #SUP: 2
54 89 122 #SUP: 2
54 89 6 #SUP: 2
54 89 122 6 #SUP: 2
54 122 #SUP: 3
54 122 6 #SUP: 2
54 122 67 #SUP: 2
54 6 #SUP: 2
54 67 #SUP: 2
65 68 #SUP: 2
65 68 89 #SUP: 2
65 68 67 #SUP: 2
65 68 89 67 #SUP: 2
65 87 #SUP: 2
65 87 122 #SUP: 2
65 87 67 #SUP: 2
65 87 122 67 #SUP: 2
65 89 #SUP: 2
65 89 67 #SUP: 2
65 122 #SUP: 2
65 122 67 #SUP: 2
65 67 #SUP: 3
68 83 #SUP: 2
68 83 87 #SUP: 2
68 83 87 89 #SUP: 2
68 83 87 89 122 #SUP: 2
68 83 87 89 6 #SUP: 2
68 83 87 89 122 6 #SUP: 2
68 83 87 122 #SUP: 2
68 83 87 122 6 #SUP: 2
68 83 87 6 #SUP: 2
68 83 89 #SUP: 2
68 83 89 122 #SUP: 2
68 83 89 6 #SUP: 2
68 83 89 122 6 #SUP: 2
68 83 122 #SUP: 2
68 83 122 6 #SUP: 2
68 83 6 #SUP: 2
68 87 #SUP: 2
68 87 89 #SUP: 2
68 87 89 122 #SUP: 2
68 87 89 6 #SUP: 2
68 87 89 122 6 #SUP: 2
68 87 122 #SUP: 2
68 87 122 6 #SUP: 2
68 87 6 #SUP: 2
68 89 #SUP: 3
68 89 122 #SUP: 2
68 89 122 6 #SUP: 2
68 89 6 #SUP: 2
68 89 67 #SUP: 2
68 122 #SUP: 2
68 122 6 #SUP: 2
68 6 #SUP: 2
68 67 #SUP: 2
83 87 #SUP: 2
83 87 89 #SUP: 2
83 87 89 122 #SUP: 2
83 87 89 6 #SUP: 2
83 87 89 122 6 #SUP: 2
83 87 122 #SUP: 2
83 87 122 6 #SUP: 2
83 87 6 #SUP: 2
83 89 #SUP: 2
83 89 122 #SUP: 2
83 89 6 #SUP: 2
83 89 122 6 #SUP: 2
83 122 #SUP: 3
83 122 6 #SUP: 2
83 6 #SUP: 2
87 89 #SUP: 2
87 89 122 #SUP: 2
87 89 6 #SUP: 2
87 89 122 6 #SUP: 2
87 122 #SUP: 3
87 122 6 #SUP: 2
87 122 67 #SUP: 2
87 6 #SUP: 2
87 67 #SUP: 2
89 122 #SUP: 2
89 122 6 #SUP: 2
89 6 #SUP: 2
89 67 #SUP: 2
122 6 #SUP: 2
122 67 #SUP: 2
6 67 #SUP: 3
