6 #SUP: 12
15 #SUP: 4
20 #SUP: 2
21 #SUP: 2
44 #SUP: 2
46 #SUP: 4
47 #SUP: 2
50 #SUP: 3
51 #SUP: 4
52 #SUP: 8
53 #SUP: 6
54 #SUP: 4
57 #SUP: 2
64 #SUP: 3
65 #SUP: 3
66 #SUP: 2
67 #SUP: 2
68 #SUP: 3
80 #SUP: 2
81 #SUP: 5
85 #SUP: 2
87 #SUP: 3
95 #SUP: 2
97 #SUP: 3
100 #SUP: 2
101 #SUP: 2
102 #SUP: 3
106 #SUP: 2
157 #SUP: 2
178 #SUP: 3
20 6 #SUP: 2
44 46 #SUP: 2
47 53 #SUP: 2
47 53 52 #SUP: 2
47 53 6 #SUP: 2
47 53 52 6 #SUP: 2
47 52 #SUP: 2
47 52 6 #SUP: 2
47 6 #SUP: 2
57 6 #SUP: 2
66 65 #SUP: 2
66 68 #SUP: 2
66 65 68 #SUP: 2
67 54 #SUP: 2
85 65 #SUP: 2
85 65 68 #SUP: 2
85 65 68 51 #SUP: 2
85 65 68 51 52 #SUP: 2
85 65 68 51 6 #SUP: 2
85 65 68 51 52 6 #SUP: 2
85 65 68 52 #SUP: 2
85 65 68 52 6 #SUP: 2
85 65 68 6 #SUP: 2
85 65 51 #SUP: 2
85 65 51 52 #SUP: 2
85 65 51 6 #SUP: 2
85 65 51 52 6 #SUP: 2
85 65 52 #SUP: 2
85 65 52 6 #SUP: 2
85 65 6 #SUP: 2
85 68 #SUP: 2
85 68 51 #SUP: 2
85 68 51 52 #SUP: 2
85 68 51 6 #SUP: 2
85 68 51 52 6 #SUP: 2
85 68 52 #SUP: 2
85 68 52 6 #SUP: 2
85 68 6 #SUP: 2
85 51 #SUP: 2
85 51 52 #SUP: 2
85 51 6 #SUP: 2
85 51 52 6 #SUP: 2
85 52 #SUP: 2
85 52 6 #SUP: 2
85 6 #SUP: 2
101 81 #SUP: 2
101 81 52 #SUP: 2
101 81 6 #SUP: 2
101 81 52 6 #SUP: 2
101 52 #SUP: 2
101 52 6 #SUP: 2
101 6 #SUP: 2
106 102 #SUP: 2
106 102 53 #SUP: 2
106 102 6 #SUP: 2
106 102 53 6 #SUP: 2
106 53 #SUP: 2
106 53 6 #SUP: 2
106 6 #SUP: 2
50 15 #SUP: 2
50 15 46 #SUP: 2
50 15 46 51 #SUP: 2
50 15 46 51 52 #SUP: 2
50 15 46 51 6 #SUP: 2
50 15 46 51 52 6 #SUP: 2
50 15 46 52 #SUP: 2
50 15 46 52 6 #SUP: 2
50 15 46 6 #SUP: 2
50 15 51 #SUP: 2
50 15 51 52 #SUP: 2
50 15 51 6 #SUP: 2
50 15 51 52 6 #SUP: 2
50 15 52 #SUP: 2
50 15 52 6 #SUP: 2
50 15 6 #SUP: 2
50 46 #SUP: 3
50 46 51 #SUP: 3
50 46 51 54 #SUP: 2
50 46 51 54 52 #SUP: 2
50 46 51 54 6 #SUP: 2
50 46 51 54 52 6 #SUP: 2
50 46 51 52 #SUP: 3
50 46 51 52 6 #SUP: 3
50 46 51 6 #SUP: 3
50 46 54 #SUP: 2
50 46 54 52 #SUP: 2
50 46 54 6 #SUP: 2
50 46 54 52 6 #SUP: 2
50 46 52 #SUP: 3
50 46 52 6 #SUP: 3
50 46 6 #SUP: 3
50 51 #SUP: 3
50 51 54 #SUP: 2
50 51 54 52 #SUP: 2
50 51 54 6 #SUP: 2
50 51 54 52 6 #SUP: 2
50 51 52 #SUP: 3
50 51 52 6 #SUP: 3
50 51 6 #SUP: 3
50 54 #SUP: 2
50 54 52 #SUP: 2
50 54 6 #SUP: 2
50 54 52 6 #SUP: 2
50 52 #SUP: 3
50 52 6 #SUP: 3
50 6 #SUP: 3
64 65 #SUP: 2
64 65 68 #SUP: 2
64 65 54 #SUP: 2
64 65 68 54 #SUP: 2
64 68 #SUP: 2
64 68 54 #SUP: 2
64 54 #SUP: 2
64 81 #SUP: 2
64 81 6 #SUP: 2
64 6 #SUP: 2
65 68 #SUP: 3
65 68 51 #SUP: 2
65 68 51 52 #SUP: 2
65 68 51 6 #SUP: 2
65 68 51 52 6 #SUP: 2
65 68 54 #SUP: 2
65 68 52 #SUP: 2
65 68 52 6 #SUP: 2
65 68 6 #SUP: 2
65 51 #SUP: 2
65 51 52 #SUP: 2
65 51 6 #SUP: 2
65 51 52 6 #SUP: 2
65 54 #SUP: 2
65 52 #SUP: 2
65 52 6 #SUP: 2
65 6 #SUP: 2
68 51 #SUP: 2
68 51 52 #SUP: 2
68 51 6 #SUP: 2
68 51 52 6 #SUP: 2
68 54 #SUP: 2
68 52 #SUP: 2
68 52 6 #SUP: 2
68 6 #SUP: 2
87 97 #SUP: 2
87 52 #SUP: 2
87 52 6 #SUP: 2
87 6 #SUP: 2
97 15 #SUP: 2
97 46 #SUP: 2
97 15 46 #SUP: 2
102 53 #SUP: 3
102 53 52 #SUP: 2
102 53 6 #SUP: 3
102 53 52 6 #SUP: 2
102 52 #SUP: 2
102 52 6 #SUP: 2
102 6 #SUP: 3
15 46 #SUP: 3
15 46 51 #SUP: 2
15 46 51 52 #SUP: 2
15 46 51 6 #SUP: 2
15 46 51 52 6 #SUP: 2
15 46 52 #SUP: 2
15 46 52 6 #SUP: 2
15 46 6 #SUP: 2
15 51 #SUP: 2
15 51 52 #SUP: 2
15 51 6 #SUP: 2
15 51 52 6 #SUP: 2
15 52 #SUP: 2
15 52 6 #SUP: 2
15 6 #SUP: 3
46 51 #SUP: 3
46 51 54 #SUP: 2
46 51 54 52 #SUP: 2
46 51 54 6 #SUP: 2
46 51 54 52 6 #SUP: 2
46 51 52 #SUP: 3
46 51 52 6 #SUP: 3
46 51 6 #SUP: 3
46 54 #SUP: 2
46 54 52 #SUP: 2
46 54 6 #SUP: 2
46 54 52 6 #SUP: 2
46 52 #SUP: 3
46 52 6 #SUP: 3
46 6 #SUP: 3
51 54 #SUP: 3
51 54 81 #SUP: 2
51 54 81 52 #SUP: 2
51 54 81 6 #SUP: 2
51 54 81 52 6 #SUP: 2
51 54 52 #SUP: 3
51 54 52 6 #SUP: 3
51 54 6 #SUP: 3
51 81 #SUP: 2
51 81 52 #SUP: 2
51 81 6 #SUP: 2
51 81 52 6 #SUP: 2
51 52 #SUP: 4
51 52 6 #SUP: 4
51 6 #SUP: 4
54 81 #SUP: 2
54 81 52 #SUP: 2
54 81 6 #SUP: 2
54 81 52 6 #SUP: 2
54 52 #SUP: 3
54 52 6 #SUP: 3
54 6 #SUP: 3
81 53 #SUP: 2
81 53 52 #SUP: 2
81 53 6 #SUP: 2
81 53 52 6 #SUP: 2
81 52 #SUP: 4
81 52 6 #SUP: 4
81 6 #SUP: 5
53 52 #SUP: 5
53 6 #SUP: 6
53 52 6 #SUP: 5
52 6 #SUP: 8
