3 #SUP: 2
6 #SUP: 16
11 #SUP: 3
15 #SUP: 5
20 #SUP: 3
21 #SUP: 2
44 #SUP: 2
46 #SUP: 4
47 #SUP: 2
50 #SUP: 5
51 #SUP: 5
52 #SUP: 10
53 #SUP: 7
54 #SUP: 7
55 #SUP: 2
57 #SUP: 2
64 #SUP: 5
65 #SUP: 6
66 #SUP: 4
67 #SUP: 7
68 #SUP: 6
74 #SUP: 2
75 #SUP: 3
76 #SUP: 3
79 #SUP: 2
80 #SUP: 2
81 #SUP: 7
83 #SUP: 4
85 #SUP: 2
87 #SUP: 6
89 #SUP: 4
90 #SUP: 2
95 #SUP: 2
96 #SUP: 2
97 #SUP: 4
99 #SUP: 2
100 #SUP: 3
101 #SUP: 2
102 #SUP: 3
104 #SUP: 2
106 #SUP: 2
118 #SUP: 3
119 #SUP: 2
122 #SUP: 5
123 #SUP: 2
125 #SUP: 2
138 #SUP: 3
145 #SUP: 2
157 #SUP: 3
167 #SUP: 2
178 #SUP: 3
44 46 #SUP: 2
47 53 #SUP: 2
47 53 52 #SUP: 2
47 53 6 #SUP: 2
47 53 52 6 #SUP: 2
47 52 #SUP: 2
47 52 6 #SUP: 2
47 6 #SUP: 2
57 6 #SUP: 2
74 79 #SUP: 2
74 79 66 #SUP: 2
74 79 66 64 #SUP: 2
74 79 66 64 68 #SUP: 2
74 79 66 64 54 #SUP: 2
74 79 66 64 68 54 #SUP: 2
74 79 66 68 #SUP: 2
74 79 66 68 54 #SUP: 2
74 79 66 54 #SUP: 2
74 79 64 #SUP: 2
74 79 64 68 #SUP: 2
74 79 64 54 #SUP: 2
74 79 64 68 54 #SUP: 2
74 79 68 #SUP: 2
74 79 68 54 #SUP: 2
74 79 54 #SUP: 2
74 66 #SUP: 2
74 66 64 #SUP: 2
74 66 64 68 #SUP: 2
74 66 64 54 #SUP: 2
74 66 64 68 54 #SUP: 2
74 66 68 #SUP: 2
74 66 68 54 #SUP: 2
74 66 54 #SUP: 2
74 64 #SUP: 2
74 64 68 #SUP: 2
74 64 54 #SUP: 2
74 64 68 54 #SUP: 2
74 68 #SUP: 2
74 68 54 #SUP: 2
74 54 #SUP: 2
79 66 #SUP: 2
79 66 64 #SUP: 2
79 66 64 68 #SUP: 2
79 66 64 54 #SUP: 2
79 66 64 68 54 #SUP: 2
79 66 68 #SUP: 2
79 66 68 54 #SUP: 2
79 66 54 #SUP: 2
79 64 #SUP: 2
79 64 68 #SUP: 2
79 64 54 #SUP: 2
79 64 68 54 #SUP: 2
79 68 #SUP: 2
79 68 54 #SUP: 2
79 54 #SUP: 2
85 51 #SUP: 2
85 51 65 #SUP: 2
85 51 65 68 #SUP: 2
85 51 65 68 52 #SUP: 2
85 51 65 68 6 #SUP: 2
85 51 65 68 52 6 #SUP: 2
85 51 65 52 #SUP: 2
85 51 65 52 6 #SUP: 2
85 51 65 6 #SUP: 2
85 51 68 #SUP: 2
85 51 68 52 #SUP: 2
85 51 68 6 #SUP: 2
85 51 68 52 6 #SUP: 2
85 51 52 #SUP: 2
85 51 52 6 #SUP: 2
85 51 6 #SUP: 2
85 65 #SUP: 2
85 65 68 #SUP: 2
85 65 68 52 #SUP: 2
85 65 68 6 #SUP: 2
85 65 68 52 6 #SUP: 2
85 65 52 #SUP: 2
85 65 52 6 #SUP: 2
85 65 6 #SUP: 2
85 68 #SUP: 2
85 68 52 #SUP: 2
85 68 6 #SUP: 2
85 68 52 6 #SUP: 2
85 52 #SUP: 2
85 52 6 #SUP: 2
85 6 #SUP: 2
90 81 #SUP: 2
99 87 #SUP: 2
99 6 #SUP: 2
99 87 6 #SUP: 2
101 81 #SUP: 2
101 81 52 #SUP: 2
101 81 6 #SUP: 2
101 81 52 6 #SUP: 2
101 52 #SUP: 2
101 52 6 #SUP: 2
101 6 #SUP: 2
106 102 #SUP: 2
106 102 53 #SUP: 2
106 102 6 #SUP: 2
106 102 53 6 #SUP: 2
106 53 #SUP: 2
106 53 6 #SUP: 2
106 6 #SUP: 2
119 50 #SUP: 2
119 50 52 #SUP: 2
119 50 6 #SUP: 2
119 50 52 6 #SUP: 2
119 52 #SUP: 2
119 52 6 #SUP: 2
119 6 #SUP: 2
123 89 #SUP: 2
123 89 65 #SUP: 2
123 89 68 #SUP: 2
123 89 65 68 #SUP: 2
123 65 #SUP: 2
123 65 68 #SUP: 2
123 68 #SUP: 2
125 15 #SUP: 2
145 6 #SUP: 2
11 20 #SUP: 2
11 20 54 #SUP: 2
11 20 6 #SUP: 2
11 20 54 6 #SUP: 2
11 138 #SUP: 2
11 138 83 #SUP: 2
11 138 83 89 #SUP: 2
11 138 83 89 64 #SUP: 2
11 138 83 89 64 122 #SUP: 2
11 138 83 89 64 122 68 #SUP: 2
11 138 83 89 64 122 68 87 #SUP: 2
11 138 83 89 64 122 68 87 54 #SUP: 2
11 138 83 89 64 122 68 87 6 #SUP: 2
11 138 83 89 64 122 68 87 54 6 #SUP: 2
11 138 83 89 64 122 68 54 #SUP: 2
11 138 83 89 64 122 68 54 6 #SUP: 2
11 138 83 89 64 122 68 6 #SUP: 2
11 138 83 89 64 122 87 #SUP: 2
11 138 83 89 64 122 87 54 #SUP: 2
11 138 83 89 64 122 87 6 #SUP: 2
11 138 83 89 64 122 87 54 6 #SUP: 2
11 138 83 89 64 122 54 #SUP: 2
11 138 83 89 64 122 54 6 #SUP: 2
11 138 83 89 64 122 6 #SUP: 2
11 138 83 89 64 68 #SUP: 2
11 138 83 89 64 68 87 #SUP: 2
11 138 83 89 64 68 87 54 #SUP: 2
11 138 83 89 64 68 87 6 #SUP: 2
11 138 83 89 64 68 87 54 6 #SUP: 2
11 138 83 89 64 68 54 #SUP: 2
11 138 83 89 64 68 54 6 #SUP: 2
11 138 83 89 64 68 6 #SUP: 2
11 138 83 89 64 87 #SUP: 2
11 138 83 89 64 87 54 #SUP: 2
11 138 83 89 64 87 6 #SUP: 2
11 138 83 89 64 87 54 6 #SUP: 2
11 138 83 89 64 54 #SUP: 2
11 138 83 89 64 54 6 #SUP: 2
11 138 83 89 64 6 #SUP: 2
11 138 83 89 122 #SUP: 2
11 138 83 89 122 68 #SUP: 2
11 138 83 89 122 68 87 #SUP: 2
11 138 83 89 122 68 87 54 #SUP: 2
11 138 83 89 122 68 87 6 #SUP: 2
11 138 83 89 122 68 87 54 6 #SUP: 2
11 138 83 89 122 68 54 #SUP: 2
11 138 83 89 122 68 54 6 #SUP: 2
11 138 83 89 122 68 6 #SUP: 2
11 138 83 89 122 87 #SUP: 2
11 138 83 89 122 87 54 #SUP: 2
11 138 83 89 122 87 6 #SUP: 2
11 138 83 89 122 87 54 6 #SUP: 2
11 138 83 89 122 54 #SUP: 2
11 138 83 89 122 54 6 #SUP: 2
11 138 83 89 122 6 #SUP: 2
11 138 83 89 68 #SUP: 2
11 138 83 89 68 87 #SUP: 2
11 138 83 89 68 87 54 #SUP: 2
11 138 83 89 68 87 6 #SUP: 2
11 138 83 89 68 87 54 6 #SUP: 2
11 138 83 89 68 54 #SUP: 2
11 138 83 89 68 54 6 #SUP: 2
11 138 83 89 68 6 #SUP: 2
11 138 83 89 87 #SUP: 2
11 138 83 89 87 54 #SUP: 2
11 138 83 89 87 6 #SUP: 2
11 138 83 89 87 54 6 #SUP: 2
11 138 83 89 54 #SUP: 2
11 138 83 89 54 6 #SUP: 2
11 138 83 89 6 #SUP: 2
11 138 83 64 #SUP: 2
11 138 83 64 122 #SUP: 2
11 138 83 64 122 68 #SUP: 2
11 138 83 64 122 68 87 #SUP: 2
11 138 83 64 122 68 87 54 #SUP: 2
11 138 83 64 122 68 87 6 #SUP: 2
11 138 83 64 122 68 87 54 6 #SUP: 2
11 138 83 64 122 68 54 #SUP: 2
11 138 83 64 122 68 54 6 #SUP: 2
11 138 83 64 122 68 6 #SUP: 2
11 138 83 64 122 87 #SUP: 2
11 138 83 64 122 87 54 #SUP: 2
11 138 83 64 122 87 6 #SUP: 2
11 138 83 64 122 87 54 6 #SUP: 2
11 138 83 64 122 54 #SUP: 2
11 138 83 64 122 54 6 #SUP: 2
11 138 83 64 122 6 #SUP: 2
11 138 83 64 68 #SUP: 2
11 138 83 64 68 87 #SUP: 2
11 138 83 64 68 87 54 #SUP: 2
11 138 83 64 68 87 6 #SUP: 2
11 138 83 64 68 87 54 6 #SUP: 2
11 138 83 64 68 54 #SUP: 2
11 138 83 64 68 54 6 #SUP: 2
11 138 83 64 68 6 #SUP: 2
11 138 83 64 87 #SUP: 2
11 138 83 64 87 54 #SUP: 2
11 138 83 64 87 6 #SUP: 2
11 138 83 64 87 54 6 #SUP: 2
11 138 83 64 54 #SUP: 2
11 138 83 64 54 6 #SUP: 2
11 138 83 64 6 #SUP: 2
11 138 83 122 #SUP: 2
11 138 83 122 68 #SUP: 2
11 138 83 122 68 87 #SUP: 2
11 138 83 122 68 87 54 #SUP: 2
11 138 83 122 68 87 6 #SUP: 2
11 138 83 122 68 87 54 6 #SUP: 2
11 138 83 122 68 54 #SUP: 2
11 138 83 122 68 54 6 #SUP: 2
11 138 83 122 68 6 #SUP: 2
11 138 83 122 87 #SUP: 2
11 138 83 122 87 54 #SUP: 2
11 138 83 122 87 6 #SUP: 2
11 138 83 122 87 54 6 #SUP: 2
11 138 83 122 54 #SUP: 2
11 138 83 122 54 6 #SUP: 2
11 138 83 122 6 #SUP: 2
11 138 83 68 #SUP: 2
11 138 83 68 87 #SUP: 2
11 138 83 68 87 54 #SUP: 2
11 138 83 68 87 6 #SUP: 2
11 138 83 68 87 54 6 #SUP: 2
11 138 83 68 54 #SUP: 2
11 138 83 68 54 6 #SUP: 2
11 138 83 68 6 #SUP: 2
11 138 83 87 #SUP: 2
11 138 83 87 54 #SUP: 2
11 138 83 87 6 #SUP: 2
11 138 83 87 54 6 #SUP: 2
11 138 83 54 #SUP: 2
11 138 83 54 6 #SUP: 2
11 138 83 6 #SUP: 2
11 138 89 #SUP: 2
11 138 89 64 #SUP: 2
11 138 89 64 122 #SUP: 2
11 138 89 64 122 68 #SUP: 2
11 138 89 64 122 68 87 #SUP: 2
11 138 89 64 122 68 87 54 #SUP: 2
11 138 89 64 122 68 87 6 #SUP: 2
11 138 89 64 122 68 87 54 6 #SUP: 2
11 138 89 64 122 68 54 #SUP: 2
11 138 89 64 122 68 54 6 #SUP: 2
11 138 89 64 122 68 6 #SUP: 2
11 138 89 64 122 87 #SUP: 2
11 138 89 64 122 87 54 #SUP: 2
11 138 89 64 122 87 6 #SUP: 2
11 138 89 64 122 87 54 6 #SUP: 2
11 138 89 64 122 54 #SUP: 2
11 138 89 64 122 54 6 #SUP: 2
11 138 89 64 122 6 #SUP: 2
11 138 89 64 68 #SUP: 2
11 138 89 64 68 87 #SUP: 2
11 138 89 64 68 87 54 #SUP: 2
11 138 89 64 68 87 6 #SUP: 2
11 138 89 64 68 87 54 6 #SUP: 2
11 138 89 64 68 54 #SUP: 2
11 138 89 64 68 54 6 #SUP: 2
11 138 89 64 68 6 #SUP: 2
11 138 89 64 87 #SUP: 2
11 138 89 64 87 54 #SUP: 2
11 138 89 64 87 6 #SUP: 2
11 138 89 64 87 54 6 #SUP: 2
11 138 89 64 54 #SUP: 2
11 138 89 64 54 6 #SUP: 2
11 138 89 64 6 #SUP: 2
11 138 89 122 #SUP: 2
11 138 89 122 68 #SUP: 2
11 138 89 122 68 87 #SUP: 2
11 138 89 122 68 87 54 #SUP: 2
11 138 89 122 68 87 6 #SUP: 2
11 138 89 122 68 87 54 6 #SUP: 2
11 138 89 122 68 54 #SUP: 2
11 138 89 122 68 54 6 #SUP: 2
11 138 89 122 68 6 #SUP: 2
11 138 89 122 87 #SUP: 2
11 138 89 122 87 54 #SUP: 2
11 138 89 122 87 6 #SUP: 2
11 138 89 122 87 54 6 #SUP: 2
11 138 89 122 54 #SUP: 2
11 138 89 122 54 6 #SUP: 2
11 138 89 122 6 #SUP: 2
11 138 89 68 #SUP: 2
11 138 89 68 87 #SUP: 2
11 138 89 68 87 54 #SUP: 2
11 138 89 68 87 6 #SUP: 2
11 138 89 68 87 54 6 #SUP: 2
11 138 89 68 54 #SUP: 2
11 138 89 68 54 6 #SUP: 2
11 138 89 68 6 #SUP: 2
11 138 89 87 #SUP: 2
11 138 89 87 54 #SUP: 2
11 138 89 87 6 #SUP: 2
11 138 89 87 54 6 #SUP: 2
11 138 89 54 #SUP: 2
11 138 89 54 6 #SUP: 2
11 138 89 6 #SUP: 2
11 138 64 #SUP: 2
11 138 64 122 #SUP: 2
11 138 64 122 68 #SUP: 2
11 138 64 122 68 87 #SUP: 2
11 138 64 122 68 87 54 #SUP: 2
11 138 64 122 68 87 6 #SUP: 2
11 138 64 122 68 87 54 6 #SUP: 2
11 138 64 122 68 54 #SUP: 2
11 138 64 122 68 54 6 #SUP: 2
11 138 64 122 68 6 #SUP: 2
11 138 64 122 87 #SUP: 2
11 138 64 122 87 54 #SUP: 2
11 138 64 122 87 6 #SUP: 2
11 138 64 122 87 54 6 #SUP: 2
11 138 64 122 54 #SUP: 2
11 138 64 122 54 6 #SUP: 2
11 138 64 122 6 #SUP: 2
11 138 64 68 #SUP: 2
11 138 64 68 87 #SUP: 2
11 138 64 68 87 54 #SUP: 2
11 138 64 68 87 6 #SUP: 2
11 138 64 68 87 54 6 #SUP: 2
11 138 64 68 54 #SUP: 2
11 138 64 68 54 6 #SUP: 2
11 138 64 68 6 #SUP: 2
11 138 64 87 #SUP: 2
11 138 64 87 54 #SUP: 2
11 138 64 87 6 #SUP: 2
11 138 64 87 54 6 #SUP: 2
11 138 64 54 #SUP: 2
11 138 64 54 6 #SUP: 2
11 138 64 6 #SUP: 2
11 138 122 #SUP: 2
11 138 122 68 #SUP: 2
11 138 122 68 87 #SUP: 2
11 138 122 68 87 54 #SUP: 2
11 138 122 68 87 6 #SUP: 2
11 138 122 68 87 54 6 #SUP: 2
11 138 122 68 54 #SUP: 2
11 138 122 68 54 6 #SUP: 2
11 138 122 68 6 #SUP: 2
11 138 122 87 #SUP: 2
11 138 122 87 54 #SUP: 2
11 138 122 87 6 #SUP: 2
11 138 122 87 54 6 #SUP: 2
11 138 122 54 #SUP: 2
11 138 122 54 6 #SUP: 2
11 138 122 6 #SUP: 2
11 138 68 #SUP: 2
11 138 68 87 #SUP: 2
11 138 68 87 54 #SUP: 2
11 138 68 87 6 #SUP: 2
11 138 68 87 54 6 #SUP: 2
11 138 68 54 #SUP: 2
11 138 68 54 6 #SUP: 2
11 138 68 6 #SUP: 2
11 138 87 #SUP: 2
11 138 87 54 #SUP: 2
11 138 87 6 #SUP: 2
11 138 87 54 6 #SUP: 2
11 138 54 #SUP: 2
11 138 54 6 #SUP: 2
11 138 6 #SUP: 2
11 83 #SUP: 2
11 83 89 #SUP: 2
11 83 89 64 #SUP: 2
11 83 89 64 122 #SUP: 2
11 83 89 64 122 68 #SUP: 2
11 83 89 64 122 68 87 #SUP: 2
11 83 89 64 122 68 87 54 #SUP: 2
11 83 89 64 122 68 87 6 #SUP: 2
11 83 89 64 122 68 87 54 6 #SUP: 2
11 83 89 64 122 68 54 #SUP: 2
11 83 89 64 122 68 54 6 #SUP: 2
11 83 89 64 122 68 6 #SUP: 2
11 83 89 64 122 87 #SUP: 2
11 83 89 64 122 87 54 #SUP: 2
11 83 89 64 122 87 6 #SUP: 2
11 83 89 64 122 87 54 6 #SUP: 2
11 83 89 64 122 54 #SUP: 2
11 83 89 64 122 54 6 #SUP: 2
11 83 89 64 122 6 #SUP: 2
11 83 89 64 68 #SUP: 2
11 83 89 64 68 87 #SUP: 2
11 83 89 64 68 87 54 #SUP: 2
11 83 89 64 68 87 6 #SUP: 2
11 83 89 64 68 87 54 6 #SUP: 2
11 83 89 64 68 54 #SUP: 2
11 83 89 64 68 54 6 #SUP: 2
11 83 89 64 68 6 #SUP: 2
11 83 89 64 87 #SUP: 2
11 83 89 64 87 54 #SUP: 2
11 83 89 64 87 6 #SUP: 2
11 83 89 64 87 54 6 #SUP: 2
11 83 89 64 54 #SUP: 2
11 83 89 64 54 6 #SUP: 2
11 83 89 64 6 #SUP: 2
11 83 89 122 #SUP: 2
11 83 89 122 68 #SUP: 2
11 83 89 122 68 87 #SUP: 2
11 83 89 122 68 87 54 #SUP: 2
11 83 89 122 68 87 6 #SUP: 2
11 83 89 122 68 87 54 6 #SUP: 2
11 83 89 122 68 54 #SUP: 2
11 83 89 122 68 54 6 #SUP: 2
11 83 89 122 68 6 #SUP: 2
11 83 89 122 87 #SUP: 2
11 83 89 122 87 54 #SUP: 2
11 83 89 122 87 6 #SUP: 2
11 83 89 122 87 54 6 #SUP: 2
11 83 89 122 54 #SUP: 2
11 83 89 122 54 6 #SUP: 2
11 83 89 122 6 #SUP: 2
11 83 89 68 #SUP: 2
11 83 89 68 87 #SUP: 2
11 83 89 68 87 54 #SUP: 2
11 83 89 68 87 6 #SUP: 2
11 83 89 68 87 54 6 #SUP: 2
11 83 89 68 54 #SUP: 2
11 83 89 68 54 6 #SUP: 2
11 83 89 68 6 #SUP: 2
11 83 89 87 #SUP: 2
11 83 89 87 54 #SUP: 2
11 83 89 87 6 #SUP: 2
11 83 89 87 54 6 #SUP: 2
11 83 89 54 #SUP: 2
11 83 89 54 6 #SUP: 2
11 83 89 6 #SUP: 2
11 83 64 #SUP: 2
11 83 64 122 #SUP: 2
11 83 64 122 68 #SUP: 2
11 83 64 122 68 87 #SUP: 2
11 83 64 122 68 87 54 #SUP: 2
11 83 64 122 68 87 6 #SUP: 2
11 83 64 122 68 87 54 6 #SUP: 2
11 83 64 122 68 54 #SUP: 2
11 83 64 122 68 54 6 #SUP: 2
11 83 64 122 68 6 #SUP: 2
11 83 64 122 87 #SUP: 2
11 83 64 122 87 54 #SUP: 2
11 83 64 122 87 6 #SUP: 2
11 83 64 122 87 54 6 #SUP: 2
11 83 64 122 54 #SUP: 2
11 83 64 122 54 6 #SUP: 2
11 83 64 122 6 #SUP: 2
11 83 64 68 #SUP: 2
11 83 64 68 87 #SUP: 2
11 83 64 68 87 54 #SUP: 2
11 83 64 68 87 6 #SUP: 2
11 83 64 68 87 54 6 #SUP: 2
11 83 64 68 54 #SUP: 2
11 83 64 68 54 6 #SUP: 2
11 83 64 68 6 #SUP: 2
11 83 64 87 #SUP: 2
11 83 64 87 54 #SUP: 2
11 83 64 87 6 #SUP: 2
11 83 64 87 54 6 #SUP: 2
11 83 64 54 #SUP: 2
11 83 64 54 6 #SUP: 2
11 83 64 6 #SUP: 2
11 83 122 #SUP: 2
11 83 122 68 #SUP: 2
11 83 122 68 87 #SUP: 2
11 83 122 68 87 54 #SUP: 2
11 83 122 68 87 6 #SUP: 2
11 83 122 68 87 54 6 #SUP: 2
11 83 122 68 54 #SUP: 2
11 83 122 68 54 6 #SUP: 2
11 83 122 68 6 #SUP: 2
11 83 122 87 #SUP: 2
11 83 122 87 54 #SUP: 2
11 83 122 87 6 #SUP: 2
11 83 122 87 54 6 #SUP: 2
11 83 122 54 #SUP: 2
11 83 122 54 6 #SUP: 2
11 83 122 6 #SUP: 2
11 83 68 #SUP: 2
11 83 68 87 #SUP: 2
11 83 68 87 54 #SUP: 2
11 83 68 87 6 #SUP: 2
11 83 68 87 54 6 #SUP: 2
11 83 68 54 #SUP: 2
11 83 68 54 6 #SUP: 2
11 83 68 6 #SUP: 2
11 83 87 #SUP: 2
11 83 87 54 #SUP: 2
11 83 87 6 #SUP: 2
11 83 87 54 6 #SUP: 2
11 83 54 #SUP: 2
11 83 54 6 #SUP: 2
11 83 6 #SUP: 2
11 89 #SUP: 2
11 89 64 #SUP: 2
11 89 64 122 #SUP: 2
11 89 64 122 68 #SUP: 2
11 89 64 122 68 87 #SUP: 2
11 89 64 122 68 87 54 #SUP: 2
11 89 64 122 68 87 6 #SUP: 2
11 89 64 122 68 87 54 6 #SUP: 2
11 89 64 122 68 54 #SUP: 2
11 89 64 122 68 54 6 #SUP: 2
11 89 64 122 68 6 #SUP: 2
11 89 64 122 87 #SUP: 2
11 89 64 122 87 54 #SUP: 2
11 89 64 122 87 6 #SUP: 2
11 89 64 122 87 54 6 #SUP: 2
11 89 64 122 54 #SUP: 2
11 89 64 122 54 6 #SUP: 2
11 89 64 122 6 #SUP: 2
11 89 64 68 #SUP: 2
11 89 64 68 87 #SUP: 2
11 89 64 68 87 54 #SUP: 2
11 89 64 68 87 6 #SUP: 2
11 89 64 68 87 54 6 #SUP: 2
11 89 64 68 54 #SUP: 2
11 89 64 68 54 6 #SUP: 2
11 89 64 68 6 #SUP: 2
11 89 64 87 #SUP: 2
11 89 64 87 54 #SUP: 2
11 89 64 87 6 #SUP: 2
11 89 64 87 54 6 #SUP: 2
11 89 64 54 #SUP: 2
11 89 64 54 6 #SUP: 2
11 89 64 6 #SUP: 2
11 89 122 #SUP: 2
11 89 122 68 #SUP: 2
11 89 122 68 87 #SUP: 2
11 89 122 68 87 54 #SUP: 2
11 89 122 68 87 6 #SUP: 2
11 89 122 68 87 54 6 #SUP: 2
11 89 122 68 54 #SUP: 2
11 89 122 68 54 6 #SUP: 2
11 89 122 68 6 #SUP: 2
11 89 122 87 #SUP: 2
11 89 122 87 54 #SUP: 2
11 89 122 87 6 #SUP: 2
11 89 122 87 54 6 #SUP: 2
11 89 122 54 #SUP: 2
11 89 122 54 6 #SUP: 2
11 89 122 6 #SUP: 2
11 89 68 #SUP: 2
11 89 68 87 #SUP: 2
11 89 68 87 54 #SUP: 2
11 89 68 87 6 #SUP: 2
11 89 68 87 54 6 #SUP: 2
11 89 68 54 #SUP: 2
11 89 68 54 6 #SUP: 2
11 89 68 6 #SUP: 2
11 89 87 #SUP: 2
11 89 87 54 #SUP: 2
11 89 87 6 #SUP: 2
11 89 87 54 6 #SUP: 2
11 89 54 #SUP: 2
11 89 54 6 #SUP: 2
11 89 6 #SUP: 2
11 64 #SUP: 2
11 64 122 #SUP: 2
11 64 122 68 #SUP: 2
11 64 122 68 87 #SUP: 2
11 64 122 68 87 54 #SUP: 2
11 64 122 68 87 6 #SUP: 2
11 64 122 68 87 54 6 #SUP: 2
11 64 122 68 54 #SUP: 2
11 64 122 68 54 6 #SUP: 2
11 64 122 68 6 #SUP: 2
11 64 122 87 #SUP: 2
11 64 122 87 54 #SUP: 2
11 64 122 87 6 #SUP: 2
11 64 122 87 54 6 #SUP: 2
11 64 122 54 #SUP: 2
11 64 122 54 6 #SUP: 2
11 64 122 6 #SUP: 2
11 64 68 #SUP: 2
11 64 68 87 #SUP: 2
11 64 68 87 54 #SUP: 2
11 64 68 87 6 #SUP: 2
11 64 68 87 54 6 #SUP: 2
11 64 68 54 #SUP: 2
11 64 68 54 6 #SUP: 2
11 64 68 6 #SUP: 2
11 64 87 #SUP: 2
11 64 87 54 #SUP: 2
11 64 87 6 #SUP: 2
11 64 87 54 6 #SUP: 2
11 64 54 #SUP: 2
11 64 54 6 #SUP: 2
11 64 6 #SUP: 2
11 122 #SUP: 2
11 122 68 #SUP: 2
11 122 68 87 #SUP: 2
11 122 68 87 54 #SUP: 2
11 122 68 87 6 #SUP: 2
11 122 68 87 54 6 #SUP: 2
11 122 68 54 #SUP: 2
11 122 68 54 6 #SUP: 2
11 122 68 6 #SUP: 2
11 122 87 #SUP: 2
11 122 87 54 #SUP: 2
11 122 87 6 #SUP: 2
11 122 87 54 6 #SUP: 2
11 122 54 #SUP: 2
11 122 54 6 #SUP: 2
11 122 6 #SUP: 2
11 68 #SUP: 2
11 68 87 #SUP: 2
11 68 87 54 #SUP: 2
11 68 87 6 #SUP: 2
11 68 87 54 6 #SUP: 2
11 68 54 #SUP: 2
11 68 54 6 #SUP: 2
11 68 6 #SUP: 2
11 87 #SUP: 2
11 87 54 #SUP: 2
11 87 6 #SUP: 2
11 87 54 6 #SUP: 2
11 54 #SUP: 3
11 54 67 #SUP: 2
11 54 6 #SUP: 3
11 54 67 6 #SUP: 2
11 67 #SUP: 2
11 67 6 #SUP: 2
11 6 #SUP: 3
20 54 #SUP: 2
20 6 #SUP: 3
20 54 6 #SUP: 2
75 76 #SUP: 2
75 76 65 #SUP: 2
75 76 65 54 #SUP: 2
75 76 65 67 #SUP: 2
75 76 65 54 67 #SUP: 2
75 76 54 #SUP: 2
75 76 54 67 #SUP: 2
75 76 67 #SUP: 2
75 65 #SUP: 2
75 65 54 #SUP: 2
75 65 67 #SUP: 2
75 65 54 67 #SUP: 2
75 54 #SUP: 2
75 54 67 #SUP: 2
75 67 #SUP: 3
76 65 #SUP: 3
76 65 68 #SUP: 2
76 65 68 67 #SUP: 2
76 65 54 #SUP: 2
76 65 54 67 #SUP: 2
76 65 67 #SUP: 3
76 65 67 81 #SUP: 2
76 65 81 #SUP: 2
76 68 #SUP: 2
76 68 67 #SUP: 2
76 54 #SUP: 2
76 54 67 #SUP: 2
76 67 #SUP: 3
76 67 81 #SUP: 2
76 81 #SUP: 2
100 6 #SUP: 2
102 53 #SUP: 3
102 53 52 #SUP: 2
102 53 6 #SUP: 3
102 53 52 6 #SUP: 2
102 52 #SUP: 2
102 52 6 #SUP: 2
102 6 #SUP: 3
118 89 #SUP: 2
118 89 122 #SUP: 2
118 89 122 65 #SUP: 2
118 89 122 65 68 #SUP: 2
118 89 122 65 68 87 #SUP: 2
118 89 122 65 68 6 #SUP: 2
118 89 122 65 68 87 6 #SUP: 2
118 89 122 65 87 #SUP: 2
118 89 122 65 87 6 #SUP: 2
118 89 122 65 6 #SUP: 2
118 89 122 68 #SUP: 2
118 89 122 68 87 #SUP: 2
118 89 122 68 6 #SUP: 2
118 89 122 68 87 6 #SUP: 2
118 89 122 87 #SUP: 2
118 89 122 87 6 #SUP: 2
118 89 122 6 #SUP: 2
118 89 65 #SUP: 2
118 89 65 68 #SUP: 2
118 89 65 68 87 #SUP: 2
118 89 65 68 6 #SUP: 2
118 89 65 68 87 6 #SUP: 2
118 89 65 87 #SUP: 2
118 89 65 87 6 #SUP: 2
118 89 65 6 #SUP: 2
118 89 68 #SUP: 2
118 89 68 87 #SUP: 2
118 89 68 6 #SUP: 2
118 89 68 87 6 #SUP: 2
118 89 87 #SUP: 2
118 89 87 6 #SUP: 2
118 89 6 #SUP: 2
118 122 #SUP: 3
118 122 65 #SUP: 3
118 122 65 68 #SUP: 2
118 122 65 68 87 #SUP: 2
118 122 65 68 6 #SUP: 2
118 122 65 68 87 6 #SUP: 2
118 122 65 87 #SUP: 3
118 122 65 87 54 #SUP: 2
118 122 65 87 54 67 #SUP: 2
118 122 65 87 67 #SUP: 2
118 122 65 87 6 #SUP: 2
118 122 65 54 #SUP: 2
118 122 65 54 67 #SUP: 2
118 122 65 67 #SUP: 2
118 122 65 6 #SUP: 2
118 122 68 #SUP: 2
118 122 68 87 #SUP: 2
118 122 68 6 #SUP: 2
118 122 68 87 6 #SUP: 2
118 122 87 #SUP: 3
118 122 87 54 #SUP: 2
118 122 87 54 67 #SUP: 2
118 122 87 67 #SUP: 2
118 122 87 6 #SUP: 2
118 122 54 #SUP: 2
118 122 54 67 #SUP: 2
118 122 67 #SUP: 2
118 122 6 #SUP: 2
118 65 #SUP: 3
118 65 68 #SUP: 2
118 65 68 87 #SUP: 2
118 65 68 6 #SUP: 2
118 65 68 87 6 #SUP: 2
118 65 87 #SUP: 3
118 65 87 54 #SUP: 2
118 65 87 54 67 #SUP: 2
118 65 87 67 #SUP: 2
118 65 87 6 #SUP: 2
118 65 54 #SUP: 2
118 65 54 67 #SUP: 2
118 65 67 #SUP: 2
118 65 6 #SUP: 2
118 68 #SUP: 2
118 68 87 #SUP: 2
118 68 6 #SUP: 2
118 68 87 6 #SUP: 2
118 87 #SUP: 3
118 87 54 #SUP: 2
118 87 54 67 #SUP: 2
118 87 67 #SUP: 2
118 87 6 #SUP: 2
118 54 #SUP: 2
118 54 67 #SUP: 2
118 67 #SUP: 2
118 6 #SUP: 2
138 83 #SUP: 2
138 83 89 #SUP: 2
138 83 89 64 #SUP: 2
138 83 89 64 122 #SUP: 2
138 83 89 64 122 68 #SUP: 2
138 83 89 64 122 68 87 #SUP: 2
138 83 89 64 122 68 87 54 #SUP: 2
138 83 89 64 122 68 87 6 #SUP: 2
138 83 89 64 122 68 87 54 6 #SUP: 2
138 83 89 64 122 68 54 #SUP: 2
138 83 89 64 122 68 54 6 #SUP: 2
138 83 89 64 122 68 6 #SUP: 2
138 83 89 64 122 87 #SUP: 2
138 83 89 64 122 87 54 #SUP: 2
138 83 89 64 122 87 6 #SUP: 2
138 83 89 64 122 87 54 6 #SUP: 2
138 83 89 64 122 54 #SUP: 2
138 83 89 64 122 54 6 #SUP: 2
138 83 89 64 122 6 #SUP: 2
138 83 89 64 68 #SUP: 2
138 83 89 64 68 87 #SUP: 2
138 83 89 64 68 87 54 #SUP: 2
138 83 89 64 68 87 6 #SUP: 2
138 83 89 64 68 87 54 6 #SUP: 2
138 83 89 64 68 54 #SUP: 2
138 83 89 64 68 54 6 #SUP: 2
138 83 89 64 68 6 #SUP: 2
138 83 89 64 87 #SUP: 2
138 83 89 64 87 54 #SUP: 2
138 83 89 64 87 6 #SUP: 2
138 83 89 64 87 54 6 #SUP: 2
138 83 89 64 54 #SUP: 2
138 83 89 64 54 6 #SUP: 2
138 83 89 64 6 #SUP: 2
138 83 89 122 #SUP: 2
138 83 89 122 68 #SUP: 2
138 83 89 122 68 87 #SUP: 2
138 83 89 122 68 87 54 #SUP: 2
138 83 89 122 68 87 6 #SUP: 2
138 83 89 122 68 87 54 6 #SUP: 2
138 83 89 122 68 54 #SUP: 2
138 83 89 122 68 54 6 #SUP: 2
138 83 89 122 68 6 #SUP: 2
138 83 89 122 87 #SUP: 2
138 83 89 122 87 54 #SUP: 2
138 83 89 122 87 6 #SUP: 2
138 83 89 122 87 54 6 #SUP: 2
138 83 89 122 54 #SUP: 2
138 83 89 122 54 6 #SUP: 2
138 83 89 122 6 #SUP: 2
138 83 89 68 #SUP: 2
138 83 89 68 87 #SUP: 2
138 83 89 68 87 54 #SUP: 2
138 83 89 68 87 6 #SUP: 2
138 83 89 68 87 54 6 #SUP: 2
138 83 89 68 54 #SUP: 2
138 83 89 68 54 6 #SUP: 2
138 83 89 68 6 #SUP: 2
138 83 89 87 #SUP: 2
138 83 89 87 54 #SUP: 2
138 83 89 87 6 #SUP: 2
138 83 89 87 54 6 #SUP: 2
138 83 89 54 #SUP: 2
138 83 89 54 6 #SUP: 2
138 83 89 6 #SUP: 2
138 83 64 #SUP: 2
138 83 64 122 #SUP: 2
138 83 64 122 68 #SUP: 2
138 83 64 122 68 87 #SUP: 2
138 83 64 122 68 87 54 #SUP: 2
138 83 64 122 68 87 6 #SUP: 2
138 83 64 122 68 87 54 6 #SUP: 2
138 83 64 122 68 54 #SUP: 2
138 83 64 122 68 54 6 #SUP: 2
138 83 64 122 68 6 #SUP: 2
138 83 64 122 87 #SUP: 2
138 83 64 122 87 54 #SUP: 2
138 83 64 122 87 6 #SUP: 2
138 83 64 122 87 54 6 #SUP: 2
138 83 64 122 54 #SUP: 2
138 83 64 122 54 6 #SUP: 2
138 83 64 122 6 #SUP: 2
138 83 64 68 #SUP: 2
138 83 64 68 87 #SUP: 2
138 83 64 68 87 54 #SUP: 2
138 83 64 68 87 6 #SUP: 2
138 83 64 68 87 54 6 #SUP: 2
138 83 64 68 54 #SUP: 2
138 83 64 68 54 6 #SUP: 2
138 83 64 68 6 #SUP: 2
138 83 64 87 #SUP: 2
138 83 64 87 54 #SUP: 2
138 83 64 87 6 #SUP: 2
138 83 64 87 54 6 #SUP: 2
138 83 64 54 #SUP: 2
138 83 64 54 6 #SUP: 2
138 83 64 6 #SUP: 2
138 83 122 #SUP: 2
138 83 122 68 #SUP: 2
138 83 122 68 87 #SUP: 2
138 83 122 68 87 54 #SUP: 2
138 83 122 68 87 6 #SUP: 2
138 83 122 68 87 54 6 #SUP: 2
138 83 122 68 54 #SUP: 2
138 83 122 68 54 6 #SUP: 2
138 83 122 68 6 #SUP: 2
138 83 122 87 #SUP: 2
138 83 122 87 54 #SUP: 2
138 83 122 87 6 #SUP: 2
138 83 122 87 54 6 #SUP: 2
138 83 122 54 #SUP: 2
138 83 122 54 6 #SUP: 2
138 83 122 6 #SUP: 2
138 83 68 #SUP: 2
138 83 68 87 #SUP: 2
138 83 68 87 54 #SUP: 2
138 83 68 87 6 #SUP: 2
138 83 68 87 54 6 #SUP: 2
138 83 68 54 #SUP: 2
138 83 68 54 6 #SUP: 2
138 83 68 6 #SUP: 2
138 83 87 #SUP: 2
138 83 87 54 #SUP: 2
138 83 87 6 #SUP: 2
138 83 87 54 6 #SUP: 2
138 83 54 #SUP: 2
138 83 54 6 #SUP: 2
138 83 6 #SUP: 2
138 89 #SUP: 2
138 89 64 #SUP: 2
138 89 64 122 #SUP: 2
138 89 64 122 68 #SUP: 2
138 89 64 122 68 87 #SUP: 2
138 89 64 122 68 87 54 #SUP: 2
138 89 64 122 68 87 6 #SUP: 2
138 89 64 122 68 87 54 6 #SUP: 2
138 89 64 122 68 54 #SUP: 2
138 89 64 122 68 54 6 #SUP: 2
138 89 64 122 68 6 #SUP: 2
138 89 64 122 87 #SUP: 2
138 89 64 122 87 54 #SUP: 2
138 89 64 122 87 6 #SUP: 2
138 89 64 122 87 54 6 #SUP: 2
138 89 64 122 54 #SUP: 2
138 89 64 122 54 6 #SUP: 2
138 89 64 122 6 #SUP: 2
138 89 64 68 #SUP: 2
138 89 64 68 87 #SUP: 2
138 89 64 68 87 54 #SUP: 2
138 89 64 68 87 6 #SUP: 2
138 89 64 68 87 54 6 #SUP: 2
138 89 64 68 54 #SUP: 2
138 89 64 68 54 6 #SUP: 2
138 89 64 68 6 #SUP: 2
138 89 64 87 #SUP: 2
138 89 64 87 54 #SUP: 2
138 89 64 87 6 #SUP: 2
138 89 64 87 54 6 #SUP: 2
138 89 64 54 #SUP: 2
138 89 64 54 6 #SUP: 2
138 89 64 6 #SUP: 2
138 89 122 #SUP: 2
138 89 122 68 #SUP: 2
138 89 122 68 87 #SUP: 2
138 89 122 68 87 54 #SUP: 2
138 89 122 68 87 6 #SUP: 2
138 89 122 68 87 54 6 #SUP: 2
138 89 122 68 54 #SUP: 2
138 89 122 68 54 6 #SUP: 2
138 89 122 68 6 #SUP: 2
138 89 122 87 #SUP: 2
138 89 122 87 54 #SUP: 2
138 89 122 87 6 #SUP: 2
138 89 122 87 54 6 #SUP: 2
138 89 122 54 #SUP: 2
138 89 122 54 6 #SUP: 2
138 89 122 6 #SUP: 2
138 89 68 #SUP: 2
138 89 68 87 #SUP: 2
138 89 68 87 54 #SUP: 2
138 89 68 87 6 #SUP: 2
138 89 68 87 54 6 #SUP: 2
138 89 68 54 #SUP: 2
138 89 68 54 6 #SUP: 2
138 89 68 6 #SUP: 2
138 89 87 #SUP: 2
138 89 87 54 #SUP: 2
138 89 87 6 #SUP: 2
138 89 87 54 6 #SUP: 2
138 89 54 #SUP: 2
138 89 54 6 #SUP: 2
138 89 6 #SUP: 2
138 64 #SUP: 2
138 64 122 #SUP: 2
138 64 122 68 #SUP: 2
138 64 122 68 87 #SUP: 2
138 64 122 68 87 54 #SUP: 2
138 64 122 68 87 6 #SUP: 2
138 64 122 68 87 54 6 #SUP: 2
138 64 122 68 54 #SUP: 2
138 64 122 68 54 6 #SUP: 2
138 64 122 68 6 #SUP: 2
138 64 122 87 #SUP: 2
138 64 122 87 54 #SUP: 2
138 64 122 87 6 #SUP: 2
138 64 122 87 54 6 #SUP: 2
138 64 122 54 #SUP: 2
138 64 122 54 6 #SUP: 2
138 64 122 6 #SUP: 2
138 64 68 #SUP: 2
138 64 68 87 #SUP: 2
138 64 68 87 54 #SUP: 2
138 64 68 87 6 #SUP: 2
138 64 68 87 54 6 #SUP: 2
138 64 68 54 #SUP: 2
138 64 68 54 6 #SUP: 2
138 64 68 6 #SUP: 2
138 64 87 #SUP: 2
138 64 87 54 #SUP: 2
138 64 87 6 #SUP: 2
138 64 87 54 6 #SUP: 2
138 64 54 #SUP: 2
138 64 54 6 #SUP: 2
138 64 6 #SUP: 2
138 122 #SUP: 2
138 122 68 #SUP: 2
138 122 68 87 #SUP: 2
138 122 68 87 54 #SUP: 2
138 122 68 87 6 #SUP: 2
138 122 68 87 54 6 #SUP: 2
138 122 68 54 #SUP: 2
138 122 68 54 6 #SUP: 2
138 122 68 6 #SUP: 2
138 122 87 #SUP: 2
138 122 87 54 #SUP: 2
138 122 87 6 #SUP: 2
138 122 87 54 6 #SUP: 2
138 122 54 #SUP: 2
138 122 54 6 #SUP: 2
138 122 6 #SUP: 2
138 68 #SUP: 2
138 68 87 #SUP: 2
138 68 87 54 #SUP: 2
138 68 87 6 #SUP: 2
138 68 87 54 6 #SUP: 2
138 68 54 #SUP: 2
138 68 54 6 #SUP: 2
138 68 6 #SUP: 2
138 87 #SUP: 2
138 87 54 #SUP: 2
138 87 6 #SUP: 2
138 87 54 6 #SUP: 2
138 54 #SUP: 2
138 54 6 #SUP: 2
138 67 #SUP: 2
138 67 6 #SUP: 2
138 6 #SUP: 3
46 97 #SUP: 2
46 97 15 #SUP: 2
46 15 #SUP: 3
46 15 50 #SUP: 2
46 15 50 51 #SUP: 2
46 15 50 51 52 #SUP: 2
46 15 50 51 6 #SUP: 2
46 15 50 51 52 6 #SUP: 2
46 15 50 52 #SUP: 2
46 15 50 52 6 #SUP: 2
46 15 50 6 #SUP: 2
46 15 51 #SUP: 2
46 15 51 52 #SUP: 2
46 15 51 6 #SUP: 2
46 15 51 52 6 #SUP: 2
46 15 52 #SUP: 2
46 15 52 6 #SUP: 2
46 15 6 #SUP: 2
46 50 #SUP: 3
46 50 51 #SUP: 3
46 50 51 54 #SUP: 2
46 50 51 54 52 #SUP: 2
46 50 51 54 6 #SUP: 2
46 50 51 54 52 6 #SUP: 2
46 50 51 52 #SUP: 3
46 50 51 52 6 #SUP: 3
46 50 51 6 #SUP: 3
46 50 54 #SUP: 2
46 50 54 52 #SUP: 2
46 50 54 6 #SUP: 2
46 50 54 52 6 #SUP: 2
46 50 52 #SUP: 3
46 50 52 6 #SUP: 3
46 50 6 #SUP: 3
46 51 #SUP: 3
46 51 54 #SUP: 2
46 51 54 52 #SUP: 2
46 51 54 6 #SUP: 2
46 51 54 52 6 #SUP: 2
46 51 52 #SUP: 3
46 51 52 6 #SUP: 3
46 51 6 #SUP: 3
46 54 #SUP: 2
46 54 52 #SUP: 2
46 54 6 #SUP: 2
46 54 52 6 #SUP: 2
46 52 #SUP: 3
46 52 6 #SUP: 3
46 6 #SUP: 3
66 89 #SUP: 2
66 89 122 #SUP: 2
66 89 122 68 #SUP: 2
66 89 122 68 87 #SUP: 2
66 89 122 68 6 #SUP: 2
66 89 122 68 87 6 #SUP: 2
66 89 122 87 #SUP: 2
66 89 122 87 6 #SUP: 2
66 89 122 6 #SUP: 2
66 89 68 #SUP: 2
66 89 68 87 #SUP: 2
66 89 68 6 #SUP: 2
66 89 68 87 6 #SUP: 2
66 89 87 #SUP: 2
66 89 87 6 #SUP: 2
66 89 6 #SUP: 2
66 64 #SUP: 2
66 64 68 #SUP: 2
66 64 54 #SUP: 2
66 64 68 54 #SUP: 2
66 122 #SUP: 2
66 122 68 #SUP: 2
66 122 68 87 #SUP: 2
66 122 68 6 #SUP: 2
66 122 68 87 6 #SUP: 2
66 122 87 #SUP: 2
66 122 87 6 #SUP: 2
66 122 6 #SUP: 2
66 65 #SUP: 2
66 65 68 #SUP: 2
66 68 #SUP: 3
66 68 87 #SUP: 2
66 68 87 6 #SUP: 2
66 68 54 #SUP: 2
66 68 6 #SUP: 2
66 87 #SUP: 2
66 87 6 #SUP: 2
66 54 #SUP: 2
66 6 #SUP: 2
83 89 #SUP: 2
83 89 64 #SUP: 2
83 89 64 122 #SUP: 2
83 89 64 122 68 #SUP: 2
83 89 64 122 68 87 #SUP: 2
83 89 64 122 68 87 54 #SUP: 2
83 89 64 122 68 87 6 #SUP: 2
83 89 64 122 68 87 54 6 #SUP: 2
83 89 64 122 68 54 #SUP: 2
83 89 64 122 68 54 6 #SUP: 2
83 89 64 122 68 6 #SUP: 2
83 89 64 122 87 #SUP: 2
83 89 64 122 87 54 #SUP: 2
83 89 64 122 87 6 #SUP: 2
83 89 64 122 87 54 6 #SUP: 2
83 89 64 122 54 #SUP: 2
83 89 64 122 54 6 #SUP: 2
83 89 64 122 6 #SUP: 2
83 89 64 68 #SUP: 2
83 89 64 68 87 #SUP: 2
83 89 64 68 87 54 #SUP: 2
83 89 64 68 87 6 #SUP: 2
83 89 64 68 87 54 6 #SUP: 2
83 89 64 68 54 #SUP: 2
83 89 64 68 54 6 #SUP: 2
83 89 64 68 6 #SUP: 2
83 89 64 87 #SUP: 2
83 89 64 87 54 #SUP: 2
83 89 64 87 6 #SUP: 2
83 89 64 87 54 6 #SUP: 2
83 89 64 54 #SUP: 2
83 89 64 54 6 #SUP: 2
83 89 64 6 #SUP: 2
83 89 122 #SUP: 2
83 89 122 68 #SUP: 2
83 89 122 68 87 #SUP: 2
83 89 122 68 87 54 #SUP: 2
83 89 122 68 87 6 #SUP: 2
83 89 122 68 87 54 6 #SUP: 2
83 89 122 68 54 #SUP: 2
83 89 122 68 54 6 #SUP: 2
83 89 122 68 6 #SUP: 2
83 89 122 87 #SUP: 2
83 89 122 87 54 #SUP: 2
83 89 122 87 6 #SUP: 2
83 89 122 87 54 6 #SUP: 2
83 89 122 54 #SUP: 2
83 89 122 54 6 #SUP: 2
83 89 122 6 #SUP: 2
83 89 68 #SUP: 2
83 89 68 87 #SUP: 2
83 89 68 87 54 #SUP: 2
83 89 68 87 6 #SUP: 2
83 89 68 87 54 6 #SUP: 2
83 89 68 54 #SUP: 2
83 89 68 54 6 #SUP: 2
83 89 68 6 #SUP: 2
83 89 87 #SUP: 2
83 89 87 54 #SUP: 2
83 89 87 6 #SUP: 2
83 89 87 54 6 #SUP: 2
83 89 54 #SUP: 2
83 89 54 6 #SUP: 2
83 89 6 #SUP: 2
83 64 #SUP: 3
83 64 122 #SUP: 2
83 64 122 68 #SUP: 2
83 64 122 68 87 #SUP: 2
83 64 122 68 87 54 #SUP: 2
83 64 122 68 87 6 #SUP: 2
83 64 122 68 87 54 6 #SUP: 2
83 64 122 68 54 #SUP: 2
83 64 122 68 54 6 #SUP: 2
83 64 122 68 6 #SUP: 2
83 64 122 87 #SUP: 2
83 64 122 87 54 #SUP: 2
83 64 122 87 6 #SUP: 2
83 64 122 87 54 6 #SUP: 2
83 64 122 54 #SUP: 2
83 64 122 54 6 #SUP: 2
83 64 122 6 #SUP: 2
83 64 65 #SUP: 2
83 64 65 68 #SUP: 2
83 64 65 68 54 #SUP: 2
83 64 65 68 6 #SUP: 2
83 64 65 68 54 6 #SUP: 2
83 64 65 54 #SUP: 2
83 64 65 54 6 #SUP: 2
83 64 65 6 #SUP: 2
83 64 68 #SUP: 3
83 64 68 87 #SUP: 2
83 64 68 87 54 #SUP: 2
83 64 68 87 6 #SUP: 2
83 64 68 87 54 6 #SUP: 2
83 64 68 54 #SUP: 3
83 64 68 54 6 #SUP: 3
83 64 68 6 #SUP: 3
83 64 87 #SUP: 2
83 64 87 54 #SUP: 2
83 64 87 6 #SUP: 2
83 64 87 54 6 #SUP: 2
83 64 54 #SUP: 3
83 64 54 6 #SUP: 3
83 64 6 #SUP: 3
83 122 #SUP: 3
83 122 68 #SUP: 2
83 122 68 87 #SUP: 2
83 122 68 87 54 #SUP: 2
83 122 68 87 6 #SUP: 2
83 122 68 87 54 6 #SUP: 2
83 122 68 54 #SUP: 2
83 122 68 54 6 #SUP: 2
83 122 68 6 #SUP: 2
83 122 87 #SUP: 2
83 122 87 54 #SUP: 2
83 122 87 6 #SUP: 2
83 122 87 54 6 #SUP: 2
83 122 54 #SUP: 2
83 122 54 6 #SUP: 2
83 122 6 #SUP: 2
83 65 #SUP: 2
83 65 68 #SUP: 2
83 65 68 54 #SUP: 2
83 65 68 6 #SUP: 2
83 65 68 54 6 #SUP: 2
83 65 54 #SUP: 2
83 65 54 6 #SUP: 2
83 65 6 #SUP: 2
83 68 #SUP: 3
83 68 87 #SUP: 2
83 68 87 54 #SUP: 2
83 68 87 6 #SUP: 2
83 68 87 54 6 #SUP: 2
83 68 54 #SUP: 3
83 68 54 6 #SUP: 3
83 68 6 #SUP: 3
83 87 #SUP: 2
83 87 54 #SUP: 2
83 87 6 #SUP: 2
83 87 54 6 #SUP: 2
83 54 #SUP: 3
83 54 6 #SUP: 3
83 6 #SUP: 3
89 64 #SUP: 2
89 64 122 #SUP: 2
89 64 122 68 #SUP: 2
89 64 122 68 87 #SUP: 2
89 64 122 68 87 54 #SUP: 2
89 64 122 68 87 6 #SUP: 2
89 64 122 68 87 54 6 #SUP: 2
89 64 122 68 54 #SUP: 2
89 64 122 68 54 6 #SUP: 2
89 64 122 68 6 #SUP: 2
89 64 122 87 #SUP: 2
89 64 122 87 54 #SUP: 2
89 64 122 87 6 #SUP: 2
89 64 122 87 54 6 #SUP: 2
89 64 122 54 #SUP: 2
89 64 122 54 6 #SUP: 2
89 64 122 6 #SUP: 2
89 64 68 #SUP: 2
89 64 68 87 #SUP: 2
89 64 68 87 54 #SUP: 2
89 64 68 87 6 #SUP: 2
89 64 68 87 54 6 #SUP: 2
89 64 68 54 #SUP: 2
89 64 68 54 6 #SUP: 2
89 64 68 6 #SUP: 2
89 64 87 #SUP: 2
89 64 87 54 #SUP: 2
89 64 87 6 #SUP: 2
89 64 87 54 6 #SUP: 2
89 64 54 #SUP: 2
89 64 54 6 #SUP: 2
89 64 6 #SUP: 2
89 122 #SUP: 3
89 122 65 #SUP: 2
89 122 65 68 #SUP: 2
89 122 65 68 87 #SUP: 2
89 122 65 68 6 #SUP: 2
89 122 65 68 87 6 #SUP: 2
89 122 65 87 #SUP: 2
89 122 65 87 6 #SUP: 2
89 122 65 6 #SUP: 2
89 122 68 #SUP: 3
89 122 68 87 #SUP: 3
89 122 68 87 54 #SUP: 2
89 122 68 87 6 #SUP: 3
89 122 68 87 54 6 #SUP: 2
89 122 68 54 #SUP: 2
89 122 68 54 6 #SUP: 2
89 122 68 6 #SUP: 3
89 122 87 #SUP: 3
89 122 87 54 #SUP: 2
89 122 87 6 #SUP: 3
89 122 87 54 6 #SUP: 2
89 122 54 #SUP: 2
89 122 54 6 #SUP: 2
89 122 6 #SUP: 3
89 65 #SUP: 3
89 65 68 #SUP: 3
89 65 68 87 #SUP: 2
89 65 68 87 6 #SUP: 2
89 65 68 67 #SUP: 2
89 65 68 6 #SUP: 2
89 65 87 #SUP: 2
89 65 87 6 #SUP: 2
89 65 67 #SUP: 2
89 65 6 #SUP: 2
89 68 #SUP: 4
89 68 87 #SUP: 3
89 68 87 54 #SUP: 2
89 68 87 6 #SUP: 3
89 68 87 54 6 #SUP: 2
89 68 54 #SUP: 2
89 68 54 6 #SUP: 2
89 68 67 #SUP: 2
89 68 6 #SUP: 3
89 87 #SUP: 3
89 87 54 #SUP: 2
89 87 6 #SUP: 3
89 87 54 6 #SUP: 2
89 54 #SUP: 2
89 54 6 #SUP: 2
89 67 #SUP: 2
89 6 #SUP: 3
97 15 #SUP: 2
97 51 #SUP: 2
97 51 6 #SUP: 2
97 87 #SUP: 2
97 6 #SUP: 2
15 50 #SUP: 2
15 50 51 #SUP: 2
15 50 51 52 #SUP: 2
15 50 51 6 #SUP: 2
15 50 51 52 6 #SUP: 2
15 50 52 #SUP: 2
15 50 52 6 #SUP: 2
15 50 6 #SUP: 2
15 51 #SUP: 2
15 51 52 #SUP: 2
15 51 6 #SUP: 2
15 51 52 6 #SUP: 2
15 52 #SUP: 2
15 52 6 #SUP: 2
15 6 #SUP: 3
50 51 #SUP: 3
50 51 54 #SUP: 2
50 51 54 52 #SUP: 2
50 51 54 6 #SUP: 2
50 51 54 52 6 #SUP: 2
50 51 52 #SUP: 3
50 51 52 6 #SUP: 3
50 51 6 #SUP: 3
50 122 #SUP: 2
50 53 #SUP: 2
50 53 52 #SUP: 2
50 53 6 #SUP: 2
50 53 52 6 #SUP: 2
50 54 #SUP: 2
50 54 52 #SUP: 2
50 54 6 #SUP: 2
50 54 52 6 #SUP: 2
50 67 #SUP: 2
50 67 52 #SUP: 2
50 67 6 #SUP: 2
50 67 52 6 #SUP: 2
50 52 #SUP: 4
50 52 6 #SUP: 4
50 6 #SUP: 4
51 65 #SUP: 2
51 65 68 #SUP: 2
51 65 68 52 #SUP: 2
51 65 68 6 #SUP: 2
51 65 68 52 6 #SUP: 2
51 65 52 #SUP: 2
51 65 52 6 #SUP: 2
51 65 6 #SUP: 2
51 68 #SUP: 2
51 68 52 #SUP: 2
51 68 6 #SUP: 2
51 68 52 6 #SUP: 2
51 54 #SUP: 3
51 54 81 #SUP: 2
51 54 81 52 #SUP: 2
51 54 81 6 #SUP: 2
51 54 81 52 6 #SUP: 2
51 54 52 #SUP: 3
51 54 52 6 #SUP: 3
51 54 6 #SUP: 3
51 67 #SUP: 2
51 67 6 #SUP: 2
51 81 #SUP: 2
51 81 52 #SUP: 2
51 81 6 #SUP: 2
51 81 52 6 #SUP: 2
51 52 #SUP: 4
51 52 6 #SUP: 4
51 6 #SUP: 5
64 122 #SUP: 2
64 122 68 #SUP: 2
64 122 68 87 #SUP: 2
64 122 68 87 54 #SUP: 2
64 122 68 87 6 #SUP: 2
64 122 68 87 54 6 #SUP: 2
64 122 68 54 #SUP: 2
64 122 68 54 6 #SUP: 2
64 122 68 6 #SUP: 2
64 122 87 #SUP: 2
64 122 87 54 #SUP: 2
64 122 87 6 #SUP: 2
64 122 87 54 6 #SUP: 2
64 122 54 #SUP: 2
64 122 54 6 #SUP: 2
64 122 6 #SUP: 2
64 65 #SUP: 3
64 65 68 #SUP: 3
64 65 68 54 #SUP: 3
64 65 68 54 67 #SUP: 2
64 65 68 54 6 #SUP: 2
64 65 68 67 #SUP: 2
64 65 68 6 #SUP: 2
64 65 54 #SUP: 3
64 65 54 67 #SUP: 2
64 65 54 6 #SUP: 2
64 65 67 #SUP: 2
64 65 6 #SUP: 2
64 68 #SUP: 4
64 68 87 #SUP: 2
64 68 87 54 #SUP: 2
64 68 87 6 #SUP: 2
64 68 87 54 6 #SUP: 2
64 68 54 #SUP: 4
64 68 54 67 #SUP: 2
64 68 54 6 #SUP: 3
64 68 67 #SUP: 2
64 68 6 #SUP: 3
64 87 #SUP: 2
64 87 54 #SUP: 2
64 87 6 #SUP: 2
64 87 54 6 #SUP: 2
64 54 #SUP: 4
64 54 67 #SUP: 2
64 54 6 #SUP: 3
64 67 #SUP: 2
64 81 #SUP: 2
64 81 6 #SUP: 2
64 6 #SUP: 4
122 65 #SUP: 3
122 65 68 #SUP: 2
122 65 68 87 #SUP: 2
122 65 68 6 #SUP: 2
122 65 68 87 6 #SUP: 2
122 65 87 #SUP: 3
122 65 87 54 #SUP: 2
122 65 87 54 67 #SUP: 2
122 65 87 67 #SUP: 2
122 65 87 6 #SUP: 2
122 65 54 #SUP: 2
122 65 54 67 #SUP: 2
122 65 67 #SUP: 2
122 65 6 #SUP: 2
122 68 #SUP: 3
122 68 87 #SUP: 3
122 68 87 54 #SUP: 2
122 68 87 6 #SUP: 3
122 68 87 54 6 #SUP: 2
122 68 54 #SUP: 2
122 68 54 6 #SUP: 2
122 68 6 #SUP: 3
122 87 #SUP: 4
122 87 54 #SUP: 3
122 87 54 67 #SUP: 2
122 87 54 6 #SUP: 2
122 87 67 #SUP: 2
122 87 6 #SUP: 3
122 54 #SUP: 3
122 54 67 #SUP: 2
122 54 6 #SUP: 2
122 67 #SUP: 2
122 6 #SUP: 3
65 68 #SUP: 5
65 68 87 #SUP: 2
65 68 87 6 #SUP: 2
65 68 54 #SUP: 3
65 68 54 67 #SUP: 2
65 68 54 6 #SUP: 2
65 68 67 #SUP: 3
65 68 81 #SUP: 2
65 68 52 #SUP: 2
65 68 52 6 #SUP: 2
65 68 6 #SUP: 3
65 87 #SUP: 3
65 87 54 #SUP: 2
65 87 54 67 #SUP: 2
65 87 67 #SUP: 2
65 87 6 #SUP: 2
65 54 #SUP: 4
65 54 67 #SUP: 3
65 54 81 #SUP: 2
65 54 6 #SUP: 2
65 67 #SUP: 4
65 67 81 #SUP: 2
65 81 #SUP: 3
65 52 #SUP: 2
65 52 6 #SUP: 2
65 6 #SUP: 3
68 87 #SUP: 3
68 87 54 #SUP: 2
68 87 6 #SUP: 3
68 87 54 6 #SUP: 2
68 54 #SUP: 4
68 54 67 #SUP: 2
68 54 6 #SUP: 3
68 67 #SUP: 3
68 81 #SUP: 2
68 52 #SUP: 2
68 52 6 #SUP: 2
68 6 #SUP: 4
87 54 #SUP: 3
87 54 67 #SUP: 2
87 54 6 #SUP: 2
87 67 #SUP: 2
87 81 #SUP: 2
87 52 #SUP: 2
87 52 6 #SUP: 2
87 6 #SUP: 4
53 81 #SUP: 2
53 81 52 #SUP: 2
53 81 6 #SUP: 2
53 81 52 6 #SUP: 2
53 52 #SUP: 6
53 52 6 #SUP: 6
53 6 #SUP: 7
54 67 #SUP: 4
54 67 81 #SUP: 2
54 67 6 #SUP: 2
54 81 #SUP: 3
54 81 52 #SUP: 2
54 81 6 #SUP: 2
54 81 52 6 #SUP: 2
54 52 #SUP: 3
54 52 6 #SUP: 3
54 6 #SUP: 5
67 81 #SUP: 3
67 52 #SUP: 2
67 52 6 #SUP: 2
67 6 #SUP: 4
81 52 #SUP: 4
81 6 #SUP: 5
81 52 6 #SUP: 4
52 6 #SUP: 9
