6 3 5 4
87 3 178 97
60
60 15
60 178
157
59 3 38 58
178
136 137 122 68 76 2 87 64 134 66 133 99 6 53 11 135 131 132 52
37 39 31 34 20 25 40 18 14 38 21 28 2 33 12 15 30 23 19 22 24 17 27 32 36 29 35 41 13 16 26 43 42
52 6 102 2
88 11 86 66 52 91 93 26 68 2 65 44 89 92 67 87 81 90
70 62 68 76 67 74 80 21 65 33 77 63 64 72 79 66 54 75 78 61 69 73 71
1 2
11 1
44
52 114 115 89
11 170 161
106 15 105 102 6 53
178
115 66 68 89 2 130 6
10 9
8 7 6
104 175
104 103
104 116
136 139 122 68 89 94 67 123 2 65 121 87 84 66 133 6 53 119 135 52 125 138 56 102
181 90
52 60 178 182
179 180
81 113 60
95 91 176
57
65 21 140 75
