3 6 5 4
87 97 3 178
65 122 158 54 87 89 157 11 68 83 67 118 64 138 6
210 212 214 215 75 135 209 51 211 67 216 97 138 6
60
175
224 99 222 167
60 15
194 177 33 140 196 188 52 161 125 134 75 112 162 195 197 53 21 69
161
60 178
157
85 156
59 3 58 38
178
227 79 242 52 136 67 229 53 6
11 137 122 136 99 131 52 135 68 53 64 6 133 87 132 134 66 2 76
227 79 52 187 96 67 228 229 53 98 139 6 116
33 35 24 25 36 23 43 34 26 16 21 20 12 27 2 42 22 19 37 17 14 30 40 18 31 41 13 15 39 32 28 29 38
219 36 52 112 217 53 142 61 218 6
2 52 102 6
56 165 140
16 88
65 155 126 149 96 122 150 154 129 118 152 145 140 3 1 153 6 132 87 151 81 94
65 2 87 52 44 89 81 68 67 11 93 66 92 26 86 88 90 91
65 77 79 33 54 63 74 71 21 72 67 62 78 61 68 80 64 70 75 69 66 73 76
135 64 6 7
30 79 162 135 163 164
30 79 162 135 163 164 64
168 5 174 3 187 188 136 52 185 186 67 139 142 61 38
2 1
11 1
44
205 203 125 202 206 15 204
52 167 116
115 52 114 89
161 11 170
65 194 216 52 89 114 18 68 236 53 66 235 85 240 99 6
106 102 105 53 15 6
2 159 6 160
178
87 237 7 68 6 238
130 89 115 68 66 2 6
65 198 23 11 89 199 136 67 60 140 145 52 135 201 53 142 6 75 200 138 94
10 9
8 6 7
104 175 166
104 103
104 116
65 121 139 56 122 89 102 136 67 119 123 52 135 68 53 6 133 87 125 84 66 2 138 94
181 90
60 52 178 182
179 180
60 81 113
176 91 95
57
172 140 134 3 171 174 169 136 7 173 170 168 14
65 75 21 140
