65 122 158 54 87 89 157 11 68 83 67 118 64 138 6
210 212 214 215 75 135 209 51 211 67 216 97 138 6
175
224 99 222 167
194 177 33 140 196 188 52 161 125 134 75 112 162 195 197 53 21 69
161
85 156
227 79 242 52 136 67 229 53 6
227 79 52 187 96 67 228 229 53 98 139 6 116
219 36 52 112 217 53 142 61 218 6
56 165 140
16 88
65 155 126 149 96 122 150 154 129 118 152 145 140 3 1 153 6 132 87 151 81 94
135 64 6 7
30 79 162 135 163 164
30 79 162 135 163 164 64
168 5 174 3 187 188 136 52 185 186 67 139 142 61 38
205 203 125 202 206 15 204
52 167 116
65 194 216 52 89 114 18 68 236 53 66 235 85 240 99 6
2 159 6 160
87 237 7 68 6 238
65 198 23 11 89 199 136 67 60 140 145 52 135 201 53 142 6 75 200 138 94
104 166
172 140 134 3 171 174 169 136 7 173 170 168 14
