87 3 178 97
100 110 109
46 95 21 94 44 97 96 15
12 6
51 127 92 67 20 126 81 15 46 54 6 11 101 52 125 26 128 50 130 129
82 51 84 52 54 68 65 83 85 81 64 6
60 178
157
178
52 6 53
70 62 68 76 67 74 80 21 65 33 77 63 64 72 79 66 54 75 78 61 69 73 71
13 111 112 81 64 6
106 52 47 107 102 108 6 53
100 103 101 19 52 98 102 87 81 99 90 6 80 53
52 57 81 6 53
106 15 105 102 6 53
46 51 55 52 7 47 48 54 56 44 50 49 45 6 53
104 39 57 20 6
51 122 68 89 124 117 88 123 65 121 87 15 46 66 118 97 6 119 52 116 85 50 120
179 157 183
95 91 176
