1  #SUP: 3
30  #SUP: 3
33  #SUP: 3
21 33 #SUP: 3
38  #SUP: 3
61  #SUP: 3
81  #SUP: 3
94  #SUP: 3
65 94 #SUP: 3
6 94 65 #SUP: 3
6 94 #SUP: 3
99  #SUP: 3
102  #SUP: 3
6 102 #SUP: 3
104  #SUP: 3
116  #SUP: 3
125  #SUP: 3
134  #SUP: 3
139  #SUP: 3
67 139 #SUP: 3
52 139 67 #SUP: 3
52 139 #SUP: 3
142  #SUP: 3
52 142 #SUP: 3
161  #SUP: 3
162  #SUP: 3
7  #SUP: 4
6 7 #SUP: 3
15  #SUP: 4
21  #SUP: 4
75 21 #SUP: 3
122  #SUP: 4
87 122 #SUP: 4
65 122 87 #SUP: 3
6 122 87 65 #SUP: 3
68 122 87 #SUP: 3
6 122 87 68 #SUP: 3
6 122 87 #SUP: 4
65 122 #SUP: 3
6 122 65 #SUP: 3
68 122 #SUP: 3
6 122 68 #SUP: 3
6 122 #SUP: 4
138  #SUP: 4
89 138 #SUP: 3
65 138 89 #SUP: 3
67 138 89 65 #SUP: 3
6 138 89 65 67 #SUP: 3
6 138 89 65 #SUP: 3
67 138 89 #SUP: 3
6 138 89 67 #SUP: 3
6 138 89 #SUP: 3
135 138 #SUP: 3
67 138 135 #SUP: 3
6 138 135 67 #SUP: 3
6 138 135 #SUP: 3
65 138 #SUP: 3
67 138 65 #SUP: 3
6 138 65 67 #SUP: 3
6 138 65 #SUP: 3
67 138 #SUP: 4
6 138 67 #SUP: 4
6 138 #SUP: 4
64  #SUP: 5
135 64 #SUP: 3
68 64 #SUP: 3
6 64 #SUP: 3
75  #SUP: 5
140 75 #SUP: 3
65 75 #SUP: 3
67 75 #SUP: 3
79  #SUP: 5
67 79 #SUP: 3
178  #SUP: 5
3  #SUP: 6
11  #SUP: 6
87 11 #SUP: 3
68 11 87 #SUP: 3
89 11 #SUP: 3
65 11 89 #SUP: 3
67 11 89 65 #SUP: 3
67 11 89 #SUP: 3
65 11 #SUP: 3
67 11 65 #SUP: 3
68 11 #SUP: 3
67 11 #SUP: 3
52 11 #SUP: 3
6 11 #SUP: 3
60  #SUP: 6
66  #SUP: 6
87 66 #SUP: 3
2 66 87 #SUP: 3
68 66 87 2 #SUP: 3
52 66 87 2 68 #SUP: 3
52 66 87 2 #SUP: 3
68 66 87 #SUP: 3
52 66 87 68 #SUP: 3
52 66 87 #SUP: 3
89 66 #SUP: 4
2 66 89 #SUP: 3
68 66 89 2 #SUP: 3
65 66 89 #SUP: 3
68 66 89 65 #SUP: 3
52 66 89 65 68 #SUP: 3
52 66 89 65 #SUP: 3
68 66 89 #SUP: 4
52 66 89 68 #SUP: 3
6 66 89 68 #SUP: 3
52 66 89 #SUP: 3
6 66 89 #SUP: 3
2 66 #SUP: 4
68 66 2 #SUP: 4
52 66 2 68 #SUP: 3
6 66 2 68 #SUP: 3
52 66 2 #SUP: 3
6 66 2 #SUP: 3
65 66 #SUP: 4
68 66 65 #SUP: 4
67 66 65 68 #SUP: 3
52 66 65 68 #SUP: 3
67 66 65 #SUP: 3
52 66 65 #SUP: 3
68 66 #SUP: 6
53 66 68 #SUP: 3
52 66 68 53 #SUP: 3
6 66 68 53 52 #SUP: 3
6 66 68 53 #SUP: 3
67 66 68 #SUP: 3
52 66 68 #SUP: 4
6 66 68 52 #SUP: 3
6 66 68 #SUP: 4
53 66 #SUP: 3
52 66 53 #SUP: 3
6 66 53 52 #SUP: 3
6 66 53 #SUP: 3
67 66 #SUP: 3
52 66 #SUP: 4
6 66 52 #SUP: 3
6 66 #SUP: 4
136  #SUP: 6
135 136 #SUP: 3
53 136 135 #SUP: 3
52 136 135 53 #SUP: 3
6 136 135 53 52 #SUP: 3
6 136 135 53 #SUP: 3
52 136 135 #SUP: 3
6 136 135 52 #SUP: 3
6 136 135 #SUP: 3
53 136 #SUP: 4
67 136 53 #SUP: 3
52 136 53 67 #SUP: 3
6 136 53 67 52 #SUP: 3
6 136 53 67 #SUP: 3
52 136 53 #SUP: 4
6 136 53 52 #SUP: 4
6 136 53 #SUP: 4
67 136 #SUP: 4
52 136 67 #SUP: 4
6 136 67 52 #SUP: 3
6 136 67 #SUP: 3
52 136 #SUP: 5
6 136 52 #SUP: 4
6 136 #SUP: 4
140  #SUP: 6
65 140 #SUP: 3
87  #SUP: 7
89 87 #SUP: 3
65 87 89 #SUP: 3
68 87 89 65 #SUP: 3
67 87 89 65 68 #SUP: 3
67 87 89 65 #SUP: 3
68 87 89 #SUP: 3
67 87 89 68 #SUP: 3
67 87 89 #SUP: 3
2 87 #SUP: 3
68 87 2 #SUP: 3
52 87 2 68 #SUP: 3
52 87 2 #SUP: 3
65 87 #SUP: 4
68 87 65 #SUP: 3
67 87 65 68 #SUP: 3
67 87 65 #SUP: 3
6 87 65 #SUP: 3
68 87 #SUP: 5
67 87 68 #SUP: 3
52 87 68 #SUP: 3
6 87 68 #SUP: 4
67 87 #SUP: 3
52 87 #SUP: 3
6 87 #SUP: 5
89  #SUP: 7
2 89 #SUP: 3
68 89 2 #SUP: 3
65 89 #SUP: 5
68 89 65 #SUP: 4
67 89 65 68 #SUP: 3
52 89 65 68 #SUP: 3
6 89 65 68 #SUP: 3
53 89 65 #SUP: 3
52 89 65 53 #SUP: 3
6 89 65 53 52 #SUP: 3
6 89 65 53 #SUP: 3
67 89 65 #SUP: 4
52 89 65 67 #SUP: 3
6 89 65 67 #SUP: 3
52 89 65 #SUP: 4
6 89 65 52 #SUP: 3
6 89 65 #SUP: 4
68 89 #SUP: 5
67 89 68 #SUP: 3
52 89 68 #SUP: 3
6 89 68 #SUP: 4
53 89 #SUP: 3
52 89 53 #SUP: 3
6 89 53 52 #SUP: 3
6 89 53 #SUP: 3
67 89 #SUP: 4
52 89 67 #SUP: 3
6 89 67 #SUP: 3
52 89 #SUP: 5
6 89 52 #SUP: 3
6 89 #SUP: 5
135  #SUP: 7
53 135 #SUP: 3
52 135 53 #SUP: 3
6 135 53 52 #SUP: 3
6 135 53 #SUP: 3
67 135 #SUP: 3
6 135 67 #SUP: 3
52 135 #SUP: 3
6 135 52 #SUP: 3
6 135 #SUP: 5
2  #SUP: 8
68 2 #SUP: 4
52 2 68 #SUP: 3
6 2 68 #SUP: 3
52 2 #SUP: 4
6 2 52 #SUP: 3
6 2 #SUP: 5
65  #SUP: 8
68 65 #SUP: 5
67 65 68 #SUP: 4
52 65 68 #SUP: 3
6 65 68 #SUP: 3
53 65 #SUP: 3
52 65 53 #SUP: 3
6 65 53 52 #SUP: 3
6 65 53 #SUP: 3
67 65 #SUP: 5
52 65 67 #SUP: 3
6 65 67 #SUP: 3
52 65 #SUP: 4
6 65 52 #SUP: 3
6 65 #SUP: 5
68  #SUP: 8
53 68 #SUP: 3
52 68 53 #SUP: 3
6 68 53 52 #SUP: 3
6 68 53 #SUP: 3
67 68 #SUP: 4
52 68 #SUP: 4
6 68 52 #SUP: 3
6 68 #SUP: 6
53  #SUP: 9
67 53 #SUP: 4
52 53 67 #SUP: 4
6 53 67 52 #SUP: 4
6 53 67 #SUP: 4
52 53 #SUP: 8
6 53 52 #SUP: 7
6 53 #SUP: 8
67  #SUP: 9
52 67 #SUP: 6
6 67 52 #SUP: 4
6 67 #SUP: 6
52  #SUP: 14
6 52 #SUP: 8
6  #SUP: 18
