11  #SUP: 2
89 11 #SUP: 2
138 11 89 #SUP: 2
65 11 89 138 #SUP: 2
67 11 89 138 65 #SUP: 2
6 11 89 138 65 67 #SUP: 2
6 11 89 138 65 #SUP: 2
67 11 89 138 #SUP: 2
6 11 89 138 67 #SUP: 2
6 11 89 138 #SUP: 2
65 11 89 #SUP: 2
67 11 89 65 #SUP: 2
6 11 89 65 67 #SUP: 2
6 11 89 65 #SUP: 2
67 11 89 #SUP: 2
6 11 89 67 #SUP: 2
6 11 89 #SUP: 2
138 11 #SUP: 2
65 11 138 #SUP: 2
67 11 138 65 #SUP: 2
6 11 138 65 67 #SUP: 2
6 11 138 65 #SUP: 2
67 11 138 #SUP: 2
6 11 138 67 #SUP: 2
6 11 138 #SUP: 2
65 11 #SUP: 2
67 11 65 #SUP: 2
6 11 65 67 #SUP: 2
6 11 65 #SUP: 2
67 11 #SUP: 2
6 11 67 #SUP: 2
6 11 #SUP: 2
30  #SUP: 2
163 30 #SUP: 2
164 30 163 #SUP: 2
162 30 163 164 #SUP: 2
79 30 163 164 162 #SUP: 2
135 30 163 164 162 79 #SUP: 2
135 30 163 164 162 #SUP: 2
79 30 163 164 #SUP: 2
135 30 163 164 79 #SUP: 2
135 30 163 164 #SUP: 2
162 30 163 #SUP: 2
79 30 163 162 #SUP: 2
135 30 163 162 79 #SUP: 2
135 30 163 162 #SUP: 2
79 30 163 #SUP: 2
135 30 163 79 #SUP: 2
135 30 163 #SUP: 2
164 30 #SUP: 2
162 30 164 #SUP: 2
79 30 164 162 #SUP: 2
135 30 164 162 79 #SUP: 2
135 30 164 162 #SUP: 2
79 30 164 #SUP: 2
135 30 164 79 #SUP: 2
135 30 164 #SUP: 2
162 30 #SUP: 2
79 30 162 #SUP: 2
135 30 162 79 #SUP: 2
135 30 162 #SUP: 2
79 30 #SUP: 2
135 30 79 #SUP: 2
135 30 #SUP: 2
61  #SUP: 2
142 61 #SUP: 2
52 61 142 #SUP: 2
52 61 #SUP: 2
85  #SUP: 2
94  #SUP: 2
145 94 #SUP: 2
65 94 145 #SUP: 2
140 94 145 65 #SUP: 2
6 94 145 65 140 #SUP: 2
6 94 145 65 #SUP: 2
140 94 145 #SUP: 2
6 94 145 140 #SUP: 2
6 94 145 #SUP: 2
65 94 #SUP: 2
140 94 65 #SUP: 2
6 94 65 140 #SUP: 2
6 94 65 #SUP: 2
140 94 #SUP: 2
6 94 140 #SUP: 2
6 94 #SUP: 2
96  #SUP: 2
6 96 #SUP: 2
99  #SUP: 2
112  #SUP: 2
53 112 #SUP: 2
52 112 53 #SUP: 2
52 112 #SUP: 2
116  #SUP: 2
52 116 #SUP: 2
118  #SUP: 2
122 118 #SUP: 2
87 118 122 #SUP: 2
65 118 122 87 #SUP: 2
6 118 122 87 65 #SUP: 2
6 118 122 87 #SUP: 2
65 118 122 #SUP: 2
6 118 122 65 #SUP: 2
6 118 122 #SUP: 2
87 118 #SUP: 2
65 118 87 #SUP: 2
6 118 87 65 #SUP: 2
6 118 87 #SUP: 2
65 118 #SUP: 2
6 118 65 #SUP: 2
6 118 #SUP: 2
122  #SUP: 2
87 122 #SUP: 2
65 122 87 #SUP: 2
6 122 87 65 #SUP: 2
6 122 87 #SUP: 2
65 122 #SUP: 2
6 122 65 #SUP: 2
6 122 #SUP: 2
125  #SUP: 2
134  #SUP: 2
140 134 #SUP: 2
139  #SUP: 2
187 139 #SUP: 2
67 139 187 #SUP: 2
52 139 187 67 #SUP: 2
52 139 187 #SUP: 2
67 139 #SUP: 2
52 139 67 #SUP: 2
52 139 #SUP: 2
145  #SUP: 2
65 145 #SUP: 2
140 145 65 #SUP: 2
6 145 65 140 #SUP: 2
6 145 65 #SUP: 2
140 145 #SUP: 2
6 145 140 #SUP: 2
6 145 #SUP: 2
161  #SUP: 2
163  #SUP: 2
164 163 #SUP: 2
162 163 164 #SUP: 2
79 163 164 162 #SUP: 2
135 163 164 162 79 #SUP: 2
135 163 164 162 #SUP: 2
79 163 164 #SUP: 2
135 163 164 79 #SUP: 2
135 163 164 #SUP: 2
162 163 #SUP: 2
79 163 162 #SUP: 2
135 163 162 79 #SUP: 2
135 163 162 #SUP: 2
79 163 #SUP: 2
135 163 79 #SUP: 2
135 163 #SUP: 2
164  #SUP: 2
162 164 #SUP: 2
79 164 162 #SUP: 2
135 164 162 79 #SUP: 2
135 164 162 #SUP: 2
79 164 #SUP: 2
135 164 79 #SUP: 2
135 164 #SUP: 2
167  #SUP: 2
168  #SUP: 2
174 168 #SUP: 2
3 168 174 #SUP: 2
136 168 174 3 #SUP: 2
136 168 174 #SUP: 2
3 168 #SUP: 2
136 168 3 #SUP: 2
136 168 #SUP: 2
174  #SUP: 2
3 174 #SUP: 2
136 174 3 #SUP: 2
136 174 #SUP: 2
187  #SUP: 2
67 187 #SUP: 2
52 187 67 #SUP: 2
52 187 #SUP: 2
188  #SUP: 2
52 188 #SUP: 2
194  #SUP: 2
53 194 #SUP: 2
52 194 53 #SUP: 2
52 194 #SUP: 2
216  #SUP: 2
6 216 #SUP: 2
227  #SUP: 2
229 227 #SUP: 2
79 227 229 #SUP: 2
53 227 229 79 #SUP: 2
67 227 229 79 53 #SUP: 2
52 227 229 79 53 67 #SUP: 2
6 227 229 79 53 67 52 #SUP: 2
6 227 229 79 53 67 #SUP: 2
52 227 229 79 53 #SUP: 2
6 227 229 79 53 52 #SUP: 2
6 227 229 79 53 #SUP: 2
67 227 229 79 #SUP: 2
52 227 229 79 67 #SUP: 2
6 227 229 79 67 52 #SUP: 2
6 227 229 79 67 #SUP: 2
52 227 229 79 #SUP: 2
6 227 229 79 52 #SUP: 2
6 227 229 79 #SUP: 2
53 227 229 #SUP: 2
67 227 229 53 #SUP: 2
52 227 229 53 67 #SUP: 2
6 227 229 53 67 52 #SUP: 2
6 227 229 53 67 #SUP: 2
52 227 229 53 #SUP: 2
6 227 229 53 52 #SUP: 2
6 227 229 53 #SUP: 2
67 227 229 #SUP: 2
52 227 229 67 #SUP: 2
6 227 229 67 52 #SUP: 2
6 227 229 67 #SUP: 2
52 227 229 #SUP: 2
6 227 229 52 #SUP: 2
6 227 229 #SUP: 2
79 227 #SUP: 2
53 227 79 #SUP: 2
67 227 79 53 #SUP: 2
52 227 79 53 67 #SUP: 2
6 227 79 53 67 52 #SUP: 2
6 227 79 53 67 #SUP: 2
52 227 79 53 #SUP: 2
6 227 79 53 52 #SUP: 2
6 227 79 53 #SUP: 2
67 227 79 #SUP: 2
52 227 79 67 #SUP: 2
6 227 79 67 52 #SUP: 2
6 227 79 67 #SUP: 2
52 227 79 #SUP: 2
6 227 79 52 #SUP: 2
6 227 79 #SUP: 2
53 227 #SUP: 2
67 227 53 #SUP: 2
52 227 53 67 #SUP: 2
6 227 53 67 52 #SUP: 2
6 227 53 67 #SUP: 2
52 227 53 #SUP: 2
6 227 53 52 #SUP: 2
6 227 53 #SUP: 2
67 227 #SUP: 2
52 227 67 #SUP: 2
6 227 67 52 #SUP: 2
6 227 67 #SUP: 2
52 227 #SUP: 2
6 227 52 #SUP: 2
6 227 #SUP: 2
229  #SUP: 2
79 229 #SUP: 2
53 229 79 #SUP: 2
67 229 79 53 #SUP: 2
52 229 79 53 67 #SUP: 2
6 229 79 53 67 52 #SUP: 2
6 229 79 53 67 #SUP: 2
52 229 79 53 #SUP: 2
6 229 79 53 52 #SUP: 2
6 229 79 53 #SUP: 2
67 229 79 #SUP: 2
52 229 79 67 #SUP: 2
6 229 79 67 52 #SUP: 2
6 229 79 67 #SUP: 2
52 229 79 #SUP: 2
6 229 79 52 #SUP: 2
6 229 79 #SUP: 2
53 229 #SUP: 2
67 229 53 #SUP: 2
52 229 53 67 #SUP: 2
6 229 53 67 52 #SUP: 2
6 229 53 67 #SUP: 2
52 229 53 #SUP: 2
6 229 53 52 #SUP: 2
6 229 53 #SUP: 2
67 229 #SUP: 2
52 229 67 #SUP: 2
6 229 67 52 #SUP: 2
6 229 67 #SUP: 2
52 229 #SUP: 2
6 229 52 #SUP: 2
6 229 #SUP: 2
3  #SUP: 3
136 3 #SUP: 2
140 3 #SUP: 2
7  #SUP: 3
6 7 #SUP: 2
64  #SUP: 3
135 64 #SUP: 2
6 64 #SUP: 2
68  #SUP: 3
87 68 #SUP: 2
6 68 87 #SUP: 2
89 68 #SUP: 2
65 68 89 #SUP: 2
6 68 89 65 #SUP: 2
6 68 89 #SUP: 2
65 68 #SUP: 2
6 68 65 #SUP: 2
6 68 #SUP: 3
75  #SUP: 3
138 75 #SUP: 2
135 75 138 #SUP: 2
67 75 138 135 #SUP: 2
6 75 138 135 67 #SUP: 2
6 75 138 135 #SUP: 2
67 75 138 #SUP: 2
6 75 138 67 #SUP: 2
6 75 138 #SUP: 2
135 75 #SUP: 2
67 75 135 #SUP: 2
6 75 135 67 #SUP: 2
6 75 135 #SUP: 2
140 75 #SUP: 2
53 75 140 #SUP: 2
52 75 140 53 #SUP: 2
52 75 140 #SUP: 2
53 75 #SUP: 2
52 75 53 #SUP: 2
67 75 #SUP: 2
6 75 67 #SUP: 2
52 75 #SUP: 2
6 75 #SUP: 2
87  #SUP: 3
65 87 #SUP: 2
6 87 65 #SUP: 2
6 87 #SUP: 3
89  #SUP: 3
138 89 #SUP: 2
65 89 138 #SUP: 2
67 89 138 65 #SUP: 2
6 89 138 65 67 #SUP: 2
6 89 138 65 #SUP: 2
67 89 138 #SUP: 2
6 89 138 67 #SUP: 2
6 89 138 #SUP: 2
65 89 #SUP: 3
53 89 65 #SUP: 2
52 89 65 53 #SUP: 2
6 89 65 53 52 #SUP: 2
6 89 65 53 #SUP: 2
67 89 65 #SUP: 2
6 89 65 67 #SUP: 2
52 89 65 #SUP: 2
6 89 65 52 #SUP: 2
6 89 65 #SUP: 3
53 89 #SUP: 2
52 89 53 #SUP: 2
6 89 53 52 #SUP: 2
6 89 53 #SUP: 2
67 89 #SUP: 2
6 89 67 #SUP: 2
52 89 #SUP: 2
6 89 52 #SUP: 2
6 89 #SUP: 3
138  #SUP: 3
65 138 #SUP: 2
67 138 65 #SUP: 2
6 138 65 67 #SUP: 2
6 138 65 #SUP: 2
135 138 #SUP: 2
67 138 135 #SUP: 2
6 138 135 67 #SUP: 2
6 138 135 #SUP: 2
67 138 #SUP: 3
6 138 67 #SUP: 3
6 138 #SUP: 3
142  #SUP: 3
136 142 #SUP: 2
67 142 136 #SUP: 2
52 142 136 67 #SUP: 2
52 142 136 #SUP: 2
53 142 #SUP: 2
52 142 53 #SUP: 2
6 142 53 52 #SUP: 2
6 142 53 #SUP: 2
67 142 #SUP: 2
52 142 67 #SUP: 2
52 142 #SUP: 3
6 142 52 #SUP: 2
6 142 #SUP: 2
162  #SUP: 3
79 162 #SUP: 2
135 162 79 #SUP: 2
135 162 #SUP: 2
65  #SUP: 4
140 65 #SUP: 2
6 65 140 #SUP: 2
53 65 #SUP: 2
52 65 53 #SUP: 2
6 65 53 52 #SUP: 2
6 65 53 #SUP: 2
67 65 #SUP: 2
6 65 67 #SUP: 2
52 65 #SUP: 2
6 65 52 #SUP: 2
6 65 #SUP: 4
79  #SUP: 4
135 79 #SUP: 2
53 79 #SUP: 2
67 79 53 #SUP: 2
52 79 53 67 #SUP: 2
6 79 53 67 52 #SUP: 2
6 79 53 67 #SUP: 2
52 79 53 #SUP: 2
6 79 53 52 #SUP: 2
6 79 53 #SUP: 2
67 79 #SUP: 2
52 79 67 #SUP: 2
6 79 67 52 #SUP: 2
6 79 67 #SUP: 2
52 79 #SUP: 2
6 79 52 #SUP: 2
6 79 #SUP: 2
136  #SUP: 4
140 136 #SUP: 2
53 136 #SUP: 2
67 136 53 #SUP: 2
52 136 53 67 #SUP: 2
6 136 53 67 52 #SUP: 2
6 136 53 67 #SUP: 2
52 136 53 #SUP: 2
6 136 53 52 #SUP: 2
6 136 53 #SUP: 2
67 136 #SUP: 3
52 136 67 #SUP: 3
6 136 67 52 #SUP: 2
6 136 67 #SUP: 2
52 136 #SUP: 3
6 136 52 #SUP: 2
6 136 #SUP: 2
135  #SUP: 5
67 135 #SUP: 2
6 135 67 #SUP: 2
6 135 #SUP: 3
140  #SUP: 5
53 140 #SUP: 2
52 140 53 #SUP: 2
52 140 #SUP: 2
6 140 #SUP: 2
53  #SUP: 6
67 53 #SUP: 3
52 53 67 #SUP: 3
6 53 67 52 #SUP: 3
6 53 67 #SUP: 3
52 53 #SUP: 6
6 53 52 #SUP: 5
6 53 #SUP: 5
67  #SUP: 6
52 67 #SUP: 4
6 67 52 #SUP: 3
6 67 #SUP: 5
52  #SUP: 8
6 52 #SUP: 5
6  #SUP: 11
