1  #SUP: 2
26  #SUP: 2
2 26 #SUP: 2
33  #SUP: 2
21 33 #SUP: 2
38  #SUP: 2
44  #SUP: 2
64  #SUP: 2
76 64 #SUP: 2
66 64 76 #SUP: 2
68 64 76 66 #SUP: 2
68 64 76 #SUP: 2
66 64 #SUP: 2
68 64 66 #SUP: 2
68 64 #SUP: 2
75  #SUP: 2
21 75 #SUP: 2
65 75 21 #SUP: 2
65 75 #SUP: 2
76  #SUP: 2
66 76 #SUP: 2
68 76 66 #SUP: 2
68 76 #SUP: 2
81  #SUP: 2
90  #SUP: 2
91  #SUP: 2
115  #SUP: 2
89 115 #SUP: 2
122  #SUP: 2
133 122 #SUP: 2
135 122 133 #SUP: 2
136 122 133 135 #SUP: 2
53 122 133 135 136 #SUP: 2
87 122 133 135 136 53 #SUP: 2
66 122 133 135 136 53 87 #SUP: 2
68 122 133 135 136 53 87 66 #SUP: 2
52 122 133 135 136 53 87 66 68 #SUP: 2
2 122 133 135 136 53 87 66 68 52 #SUP: 2
6 122 133 135 136 53 87 66 68 52 2 #SUP: 2
6 122 133 135 136 53 87 66 68 52 #SUP: 2
2 122 133 135 136 53 87 66 68 #SUP: 2
6 122 133 135 136 53 87 66 68 2 #SUP: 2
6 122 133 135 136 53 87 66 68 #SUP: 2
52 122 133 135 136 53 87 66 #SUP: 2
2 122 133 135 136 53 87 66 52 #SUP: 2
6 122 133 135 136 53 87 66 52 2 #SUP: 2
6 122 133 135 136 53 87 66 52 #SUP: 2
2 122 133 135 136 53 87 66 #SUP: 2
6 122 133 135 136 53 87 66 2 #SUP: 2
6 122 133 135 136 53 87 66 #SUP: 2
68 122 133 135 136 53 87 #SUP: 2
52 122 133 135 136 53 87 68 #SUP: 2
2 122 133 135 136 53 87 68 52 #SUP: 2
6 122 133 135 136 53 87 68 52 2 #SUP: 2
6 122 133 135 136 53 87 68 52 #SUP: 2
2 122 133 135 136 53 87 68 #SUP: 2
6 122 133 135 136 53 87 68 2 #SUP: 2
6 122 133 135 136 53 87 68 #SUP: 2
52 122 133 135 136 53 87 #SUP: 2
2 122 133 135 136 53 87 52 #SUP: 2
6 122 133 135 136 53 87 52 2 #SUP: 2
6 122 133 135 136 53 87 52 #SUP: 2
2 122 133 135 136 53 87 #SUP: 2
6 122 133 135 136 53 87 2 #SUP: 2
6 122 133 135 136 53 87 #SUP: 2
66 122 133 135 136 53 #SUP: 2
68 122 133 135 136 53 66 #SUP: 2
52 122 133 135 136 53 66 68 #SUP: 2
2 122 133 135 136 53 66 68 52 #SUP: 2
6 122 133 135 136 53 66 68 52 2 #SUP: 2
6 122 133 135 136 53 66 68 52 #SUP: 2
2 122 133 135 136 53 66 68 #SUP: 2
6 122 133 135 136 53 66 68 2 #SUP: 2
6 122 133 135 136 53 66 68 #SUP: 2
52 122 133 135 136 53 66 #SUP: 2
2 122 133 135 136 53 66 52 #SUP: 2
6 122 133 135 136 53 66 52 2 #SUP: 2
6 122 133 135 136 53 66 52 #SUP: 2
2 122 133 135 136 53 66 #SUP: 2
6 122 133 135 136 53 66 2 #SUP: 2
6 122 133 135 136 53 66 #SUP: 2
68 122 133 135 136 53 #SUP: 2
52 122 133 135 136 53 68 #SUP: 2
2 122 133 135 136 53 68 52 #SUP: 2
6 122 133 135 136 53 68 52 2 #SUP: 2
6 122 133 135 136 53 68 52 #SUP: 2
2 122 133 135 136 53 68 #SUP: 2
6 122 133 135 136 53 68 2 #SUP: 2
6 122 133 135 136 53 68 #SUP: 2
52 122 133 135 136 53 #SUP: 2
2 122 133 135 136 53 52 #SUP: 2
6 122 133 135 136 53 52 2 #SUP: 2
6 122 133 135 136 53 52 #SUP: 2
2 122 133 135 136 53 #SUP: 2
6 122 133 135 136 53 2 #SUP: 2
6 122 133 135 136 53 #SUP: 2
87 122 133 135 136 #SUP: 2
66 122 133 135 136 87 #SUP: 2
68 122 133 135 136 87 66 #SUP: 2
52 122 133 135 136 87 66 68 #SUP: 2
2 122 133 135 136 87 66 68 52 #SUP: 2
6 122 133 135 136 87 66 68 52 2 #SUP: 2
6 122 133 135 136 87 66 68 52 #SUP: 2
2 122 133 135 136 87 66 68 #SUP: 2
6 122 133 135 136 87 66 68 2 #SUP: 2
6 122 133 135 136 87 66 68 #SUP: 2
52 122 133 135 136 87 66 #SUP: 2
2 122 133 135 136 87 66 52 #SUP: 2
6 122 133 135 136 87 66 52 2 #SUP: 2
6 122 133 135 136 87 66 52 #SUP: 2
2 122 133 135 136 87 66 #SUP: 2
6 122 133 135 136 87 66 2 #SUP: 2
6 122 133 135 136 87 66 #SUP: 2
68 122 133 135 136 87 #SUP: 2
52 122 133 135 136 87 68 #SUP: 2
2 122 133 135 136 87 68 52 #SUP: 2
6 122 133 135 136 87 68 52 2 #SUP: 2
6 122 133 135 136 87 68 52 #SUP: 2
2 122 133 135 136 87 68 #SUP: 2
6 122 133 135 136 87 68 2 #SUP: 2
6 122 133 135 136 87 68 #SUP: 2
52 122 133 135 136 87 #SUP: 2
2 122 133 135 136 87 52 #SUP: 2
6 122 133 135 136 87 52 2 #SUP: 2
6 122 133 135 136 87 52 #SUP: 2
2 122 133 135 136 87 #SUP: 2
6 122 133 135 136 87 2 #SUP: 2
6 122 133 135 136 87 #SUP: 2
66 122 133 135 136 #SUP: 2
68 122 133 135 136 66 #SUP: 2
52 122 133 135 136 66 68 #SUP: 2
2 122 133 135 136 66 68 52 #SUP: 2
6 122 133 135 136 66 68 52 2 #SUP: 2
6 122 133 135 136 66 68 52 #SUP: 2
2 122 133 135 136 66 68 #SUP: 2
6 122 133 135 136 66 68 2 #SUP: 2
6 122 133 135 136 66 68 #SUP: 2
52 122 133 135 136 66 #SUP: 2
2 122 133 135 136 66 52 #SUP: 2
6 122 133 135 136 66 52 2 #SUP: 2
6 122 133 135 136 66 52 #SUP: 2
2 122 133 135 136 66 #SUP: 2
6 122 133 135 136 66 2 #SUP: 2
6 122 133 135 136 66 #SUP: 2
68 122 133 135 136 #SUP: 2
52 122 133 135 136 68 #SUP: 2
2 122 133 135 136 68 52 #SUP: 2
6 122 133 135 136 68 52 2 #SUP: 2
6 122 133 135 136 68 52 #SUP: 2
2 122 133 135 136 68 #SUP: 2
6 122 133 135 136 68 2 #SUP: 2
6 122 133 135 136 68 #SUP: 2
52 122 133 135 136 #SUP: 2
2 122 133 135 136 52 #SUP: 2
6 122 133 135 136 52 2 #SUP: 2
6 122 133 135 136 52 #SUP: 2
2 122 133 135 136 #SUP: 2
6 122 133 135 136 2 #SUP: 2
6 122 133 135 136 #SUP: 2
53 122 133 135 #SUP: 2
87 122 133 135 53 #SUP: 2
66 122 133 135 53 87 #SUP: 2
68 122 133 135 53 87 66 #SUP: 2
52 122 133 135 53 87 66 68 #SUP: 2
2 122 133 135 53 87 66 68 52 #SUP: 2
6 122 133 135 53 87 66 68 52 2 #SUP: 2
6 122 133 135 53 87 66 68 52 #SUP: 2
2 122 133 135 53 87 66 68 #SUP: 2
6 122 133 135 53 87 66 68 2 #SUP: 2
6 122 133 135 53 87 66 68 #SUP: 2
52 122 133 135 53 87 66 #SUP: 2
2 122 133 135 53 87 66 52 #SUP: 2
6 122 133 135 53 87 66 52 2 #SUP: 2
6 122 133 135 53 87 66 52 #SUP: 2
2 122 133 135 53 87 66 #SUP: 2
6 122 133 135 53 87 66 2 #SUP: 2
6 122 133 135 53 87 66 #SUP: 2
68 122 133 135 53 87 #SUP: 2
52 122 133 135 53 87 68 #SUP: 2
2 122 133 135 53 87 68 52 #SUP: 2
6 122 133 135 53 87 68 52 2 #SUP: 2
6 122 133 135 53 87 68 52 #SUP: 2
2 122 133 135 53 87 68 #SUP: 2
6 122 133 135 53 87 68 2 #SUP: 2
6 122 133 135 53 87 68 #SUP: 2
52 122 133 135 53 87 #SUP: 2
2 122 133 135 53 87 52 #SUP: 2
6 122 133 135 53 87 52 2 #SUP: 2
6 122 133 135 53 87 52 #SUP: 2
2 122 133 135 53 87 #SUP: 2
6 122 133 135 53 87 2 #SUP: 2
6 122 133 135 53 87 #SUP: 2
66 122 133 135 53 #SUP: 2
68 122 133 135 53 66 #SUP: 2
52 122 133 135 53 66 68 #SUP: 2
2 122 133 135 53 66 68 52 #SUP: 2
6 122 133 135 53 66 68 52 2 #SUP: 2
6 122 133 135 53 66 68 52 #SUP: 2
2 122 133 135 53 66 68 #SUP: 2
6 122 133 135 53 66 68 2 #SUP: 2
6 122 133 135 53 66 68 #SUP: 2
52 122 133 135 53 66 #SUP: 2
2 122 133 135 53 66 52 #SUP: 2
6 122 133 135 53 66 52 2 #SUP: 2
6 122 133 135 53 66 52 #SUP: 2
2 122 133 135 53 66 #SUP: 2
6 122 133 135 53 66 2 #SUP: 2
6 122 133 135 53 66 #SUP: 2
68 122 133 135 53 #SUP: 2
52 122 133 135 53 68 #SUP: 2
2 122 133 135 53 68 52 #SUP: 2
6 122 133 135 53 68 52 2 #SUP: 2
6 122 133 135 53 68 52 #SUP: 2
2 122 133 135 53 68 #SUP: 2
6 122 133 135 53 68 2 #SUP: 2
6 122 133 135 53 68 #SUP: 2
52 122 133 135 53 #SUP: 2
2 122 133 135 53 52 #SUP: 2
6 122 133 135 53 52 2 #SUP: 2
6 122 133 135 53 52 #SUP: 2
2 122 133 135 53 #SUP: 2
6 122 133 135 53 2 #SUP: 2
6 122 133 135 53 #SUP: 2
87 122 133 135 #SUP: 2
66 122 133 135 87 #SUP: 2
68 122 133 135 87 66 #SUP: 2
52 122 133 135 87 66 68 #SUP: 2
2 122 133 135 87 66 68 52 #SUP: 2
6 122 133 135 87 66 68 52 2 #SUP: 2
6 122 133 135 87 66 68 52 #SUP: 2
2 122 133 135 87 66 68 #SUP: 2
6 122 133 135 87 66 68 2 #SUP: 2
6 122 133 135 87 66 68 #SUP: 2
52 122 133 135 87 66 #SUP: 2
2 122 133 135 87 66 52 #SUP: 2
6 122 133 135 87 66 52 2 #SUP: 2
6 122 133 135 87 66 52 #SUP: 2
2 122 133 135 87 66 #SUP: 2
6 122 133 135 87 66 2 #SUP: 2
6 122 133 135 87 66 #SUP: 2
68 122 133 135 87 #SUP: 2
52 122 133 135 87 68 #SUP: 2
2 122 133 135 87 68 52 #SUP: 2
6 122 133 135 87 68 52 2 #SUP: 2
6 122 133 135 87 68 52 #SUP: 2
2 122 133 135 87 68 #SUP: 2
6 122 133 135 87 68 2 #SUP: 2
6 122 133 135 87 68 #SUP: 2
52 122 133 135 87 #SUP: 2
2 122 133 135 87 52 #SUP: 2
6 122 133 135 87 52 2 #SUP: 2
6 122 133 135 87 52 #SUP: 2
2 122 133 135 87 #SUP: 2
6 122 133 135 87 2 #SUP: 2
6 122 133 135 87 #SUP: 2
66 122 133 135 #SUP: 2
68 122 133 135 66 #SUP: 2
52 122 133 135 66 68 #SUP: 2
2 122 133 135 66 68 52 #SUP: 2
6 122 133 135 66 68 52 2 #SUP: 2
6 122 133 135 66 68 52 #SUP: 2
2 122 133 135 66 68 #SUP: 2
6 122 133 135 66 68 2 #SUP: 2
6 122 133 135 66 68 #SUP: 2
52 122 133 135 66 #SUP: 2
2 122 133 135 66 52 #SUP: 2
6 122 133 135 66 52 2 #SUP: 2
6 122 133 135 66 52 #SUP: 2
2 122 133 135 66 #SUP: 2
6 122 133 135 66 2 #SUP: 2
6 122 133 135 66 #SUP: 2
68 122 133 135 #SUP: 2
52 122 133 135 68 #SUP: 2
2 122 133 135 68 52 #SUP: 2
6 122 133 135 68 52 2 #SUP: 2
6 122 133 135 68 52 #SUP: 2
2 122 133 135 68 #SUP: 2
6 122 133 135 68 2 #SUP: 2
6 122 133 135 68 #SUP: 2
52 122 133 135 #SUP: 2
2 122 133 135 52 #SUP: 2
6 122 133 135 52 2 #SUP: 2
6 122 133 135 52 #SUP: 2
2 122 133 135 #SUP: 2
6 122 133 135 2 #SUP: 2
6 122 133 135 #SUP: 2
136 122 133 #SUP: 2
53 122 133 136 #SUP: 2
87 122 133 136 53 #SUP: 2
66 122 133 136 53 87 #SUP: 2
68 122 133 136 53 87 66 #SUP: 2
52 122 133 136 53 87 66 68 #SUP: 2
2 122 133 136 53 87 66 68 52 #SUP: 2
6 122 133 136 53 87 66 68 52 2 #SUP: 2
6 122 133 136 53 87 66 68 52 #SUP: 2
2 122 133 136 53 87 66 68 #SUP: 2
6 122 133 136 53 87 66 68 2 #SUP: 2
6 122 133 136 53 87 66 68 #SUP: 2
52 122 133 136 53 87 66 #SUP: 2
2 122 133 136 53 87 66 52 #SUP: 2
6 122 133 136 53 87 66 52 2 #SUP: 2
6 122 133 136 53 87 66 52 #SUP: 2
2 122 133 136 53 87 66 #SUP: 2
6 122 133 136 53 87 66 2 #SUP: 2
6 122 133 136 53 87 66 #SUP: 2
68 122 133 136 53 87 #SUP: 2
52 122 133 136 53 87 68 #SUP: 2
2 122 133 136 53 87 68 52 #SUP: 2
6 122 133 136 53 87 68 52 2 #SUP: 2
6 122 133 136 53 87 68 52 #SUP: 2
2 122 133 136 53 87 68 #SUP: 2
6 122 133 136 53 87 68 2 #SUP: 2
6 122 133 136 53 87 68 #SUP: 2
52 122 133 136 53 87 #SUP: 2
2 122 133 136 53 87 52 #SUP: 2
6 122 133 136 53 87 52 2 #SUP: 2
6 122 133 136 53 87 52 #SUP: 2
2 122 133 136 53 87 #SUP: 2
6 122 133 136 53 87 2 #SUP: 2
6 122 133 136 53 87 #SUP: 2
66 122 133 136 53 #SUP: 2
68 122 133 136 53 66 #SUP: 2
52 122 133 136 53 66 68 #SUP: 2
2 122 133 136 53 66 68 52 #SUP: 2
6 122 133 136 53 66 68 52 2 #SUP: 2
6 122 133 136 53 66 68 52 #SUP: 2
2 122 133 136 53 66 68 #SUP: 2
6 122 133 136 53 66 68 2 #SUP: 2
6 122 133 136 53 66 68 #SUP: 2
52 122 133 136 53 66 #SUP: 2
2 122 133 136 53 66 52 #SUP: 2
6 122 133 136 53 66 52 2 #SUP: 2
6 122 133 136 53 66 52 #SUP: 2
2 122 133 136 53 66 #SUP: 2
6 122 133 136 53 66 2 #SUP: 2
6 122 133 136 53 66 #SUP: 2
68 122 133 136 53 #SUP: 2
52 122 133 136 53 68 #SUP: 2
2 122 133 136 53 68 52 #SUP: 2
6 122 133 136 53 68 52 2 #SUP: 2
6 122 133 136 53 68 52 #SUP: 2
2 122 133 136 53 68 #SUP: 2
6 122 133 136 53 68 2 #SUP: 2
6 122 133 136 53 68 #SUP: 2
52 122 133 136 53 #SUP: 2
2 122 133 136 53 52 #SUP: 2
6 122 133 136 53 52 2 #SUP: 2
6 122 133 136 53 52 #SUP: 2
2 122 133 136 53 #SUP: 2
6 122 133 136 53 2 #SUP: 2
6 122 133 136 53 #SUP: 2
87 122 133 136 #SUP: 2
66 122 133 136 87 #SUP: 2
68 122 133 136 87 66 #SUP: 2
52 122 133 136 87 66 68 #SUP: 2
2 122 133 136 87 66 68 52 #SUP: 2
6 122 133 136 87 66 68 52 2 #SUP: 2
6 122 133 136 87 66 68 52 #SUP: 2
2 122 133 136 87 66 68 #SUP: 2
6 122 133 136 87 66 68 2 #SUP: 2
6 122 133 136 87 66 68 #SUP: 2
52 122 133 136 87 66 #SUP: 2
2 122 133 136 87 66 52 #SUP: 2
6 122 133 136 87 66 52 2 #SUP: 2
6 122 133 136 87 66 52 #SUP: 2
2 122 133 136 87 66 #SUP: 2
6 122 133 136 87 66 2 #SUP: 2
6 122 133 136 87 66 #SUP: 2
68 122 133 136 87 #SUP: 2
52 122 133 136 87 68 #SUP: 2
2 122 133 136 87 68 52 #SUP: 2
6 122 133 136 87 68 52 2 #SUP: 2
6 122 133 136 87 68 52 #SUP: 2
2 122 133 136 87 68 #SUP: 2
6 122 133 136 87 68 2 #SUP: 2
6 122 133 136 87 68 #SUP: 2
52 122 133 136 87 #SUP: 2
2 122 133 136 87 52 #SUP: 2
6 122 133 136 87 52 2 #SUP: 2
6 122 133 136 87 52 #SUP: 2
2 122 133 136 87 #SUP: 2
6 122 133 136 87 2 #SUP: 2
6 122 133 136 87 #SUP: 2
66 122 133 136 #SUP: 2
68 122 133 136 66 #SUP: 2
52 122 133 136 66 68 #SUP: 2
2 122 133 136 66 68 52 #SUP: 2
6 122 133 136 66 68 52 2 #SUP: 2
6 122 133 136 66 68 52 #SUP: 2
2 122 133 136 66 68 #SUP: 2
6 122 133 136 66 68 2 #SUP: 2
6 122 133 136 66 68 #SUP: 2
52 122 133 136 66 #SUP: 2
2 122 133 136 66 52 #SUP: 2
6 122 133 136 66 52 2 #SUP: 2
6 122 133 136 66 52 #SUP: 2
2 122 133 136 66 #SUP: 2
6 122 133 136 66 2 #SUP: 2
6 122 133 136 66 #SUP: 2
68 122 133 136 #SUP: 2
52 122 133 136 68 #SUP: 2
2 122 133 136 68 52 #SUP: 2
6 122 133 136 68 52 2 #SUP: 2
6 122 133 136 68 52 #SUP: 2
2 122 133 136 68 #SUP: 2
6 122 133 136 68 2 #SUP: 2
6 122 133 136 68 #SUP: 2
52 122 133 136 #SUP: 2
2 122 133 136 52 #SUP: 2
6 122 133 136 52 2 #SUP: 2
6 122 133 136 52 #SUP: 2
2 122 133 136 #SUP: 2
6 122 133 136 2 #SUP: 2
6 122 133 136 #SUP: 2
53 122 133 #SUP: 2
87 122 133 53 #SUP: 2
66 122 133 53 87 #SUP: 2
68 122 133 53 87 66 #SUP: 2
52 122 133 53 87 66 68 #SUP: 2
2 122 133 53 87 66 68 52 #SUP: 2
6 122 133 53 87 66 68 52 2 #SUP: 2
6 122 133 53 87 66 68 52 #SUP: 2
2 122 133 53 87 66 68 #SUP: 2
6 122 133 53 87 66 68 2 #SUP: 2
6 122 133 53 87 66 68 #SUP: 2
52 122 133 53 87 66 #SUP: 2
2 122 133 53 87 66 52 #SUP: 2
6 122 133 53 87 66 52 2 #SUP: 2
6 122 133 53 87 66 52 #SUP: 2
2 122 133 53 87 66 #SUP: 2
6 122 133 53 87 66 2 #SUP: 2
6 122 133 53 87 66 #SUP: 2
68 122 133 53 87 #SUP: 2
52 122 133 53 87 68 #SUP: 2
2 122 133 53 87 68 52 #SUP: 2
6 122 133 53 87 68 52 2 #SUP: 2
6 122 133 53 87 68 52 #SUP: 2
2 122 133 53 87 68 #SUP: 2
6 122 133 53 87 68 2 #SUP: 2
6 122 133 53 87 68 #SUP: 2
52 122 133 53 87 #SUP: 2
2 122 133 53 87 52 #SUP: 2
6 122 133 53 87 52 2 #SUP: 2
6 122 133 53 87 52 #SUP: 2
2 122 133 53 87 #SUP: 2
6 122 133 53 87 2 #SUP: 2
6 122 133 53 87 #SUP: 2
66 122 133 53 #SUP: 2
68 122 133 53 66 #SUP: 2
52 122 133 53 66 68 #SUP: 2
2 122 133 53 66 68 52 #SUP: 2
6 122 133 53 66 68 52 2 #SUP: 2
6 122 133 53 66 68 52 #SUP: 2
2 122 133 53 66 68 #SUP: 2
6 122 133 53 66 68 2 #SUP: 2
6 122 133 53 66 68 #SUP: 2
52 122 133 53 66 #SUP: 2
2 122 133 53 66 52 #SUP: 2
6 122 133 53 66 52 2 #SUP: 2
6 122 133 53 66 52 #SUP: 2
2 122 133 53 66 #SUP: 2
6 122 133 53 66 2 #SUP: 2
6 122 133 53 66 #SUP: 2
68 122 133 53 #SUP: 2
52 122 133 53 68 #SUP: 2
2 122 133 53 68 52 #SUP: 2
6 122 133 53 68 52 2 #SUP: 2
6 122 133 53 68 52 #SUP: 2
2 122 133 53 68 #SUP: 2
6 122 133 53 68 2 #SUP: 2
6 122 133 53 68 #SUP: 2
52 122 133 53 #SUP: 2
2 122 133 53 52 #SUP: 2
6 122 133 53 52 2 #SUP: 2
6 122 133 53 52 #SUP: 2
2 122 133 53 #SUP: 2
6 122 133 53 2 #SUP: 2
6 122 133 53 #SUP: 2
87 122 133 #SUP: 2
66 122 133 87 #SUP: 2
68 122 133 87 66 #SUP: 2
52 122 133 87 66 68 #SUP: 2
2 122 133 87 66 68 52 #SUP: 2
6 122 133 87 66 68 52 2 #SUP: 2
6 122 133 87 66 68 52 #SUP: 2
2 122 133 87 66 68 #SUP: 2
6 122 133 87 66 68 2 #SUP: 2
6 122 133 87 66 68 #SUP: 2
52 122 133 87 66 #SUP: 2
2 122 133 87 66 52 #SUP: 2
6 122 133 87 66 52 2 #SUP: 2
6 122 133 87 66 52 #SUP: 2
2 122 133 87 66 #SUP: 2
6 122 133 87 66 2 #SUP: 2
6 122 133 87 66 #SUP: 2
68 122 133 87 #SUP: 2
52 122 133 87 68 #SUP: 2
2 122 133 87 68 52 #SUP: 2
6 122 133 87 68 52 2 #SUP: 2
6 122 133 87 68 52 #SUP: 2
2 122 133 87 68 #SUP: 2
6 122 133 87 68 2 #SUP: 2
6 122 133 87 68 #SUP: 2
52 122 133 87 #SUP: 2
2 122 133 87 52 #SUP: 2
6 122 133 87 52 2 #SUP: 2
6 122 133 87 52 #SUP: 2
2 122 133 87 #SUP: 2
6 122 133 87 2 #SUP: 2
6 122 133 87 #SUP: 2
66 122 133 #SUP: 2
68 122 133 66 #SUP: 2
52 122 133 66 68 #SUP: 2
2 122 133 66 68 52 #SUP: 2
6 122 133 66 68 52 2 #SUP: 2
6 122 133 66 68 52 #SUP: 2
2 122 133 66 68 #SUP: 2
6 122 133 66 68 2 #SUP: 2
6 122 133 66 68 #SUP: 2
52 122 133 66 #SUP: 2
2 122 133 66 52 #SUP: 2
6 122 133 66 52 2 #SUP: 2
6 122 133 66 52 #SUP: 2
2 122 133 66 #SUP: 2
6 122 133 66 2 #SUP: 2
6 122 133 66 #SUP: 2
68 122 133 #SUP: 2
52 122 133 68 #SUP: 2
2 122 133 68 52 #SUP: 2
6 122 133 68 52 2 #SUP: 2
6 122 133 68 52 #SUP: 2
2 122 133 68 #SUP: 2
6 122 133 68 2 #SUP: 2
6 122 133 68 #SUP: 2
52 122 133 #SUP: 2
2 122 133 52 #SUP: 2
6 122 133 52 2 #SUP: 2
6 122 133 52 #SUP: 2
2 122 133 #SUP: 2
6 122 133 2 #SUP: 2
6 122 133 #SUP: 2
135 122 #SUP: 2
136 122 135 #SUP: 2
53 122 135 136 #SUP: 2
87 122 135 136 53 #SUP: 2
66 122 135 136 53 87 #SUP: 2
68 122 135 136 53 87 66 #SUP: 2
52 122 135 136 53 87 66 68 #SUP: 2
2 122 135 136 53 87 66 68 52 #SUP: 2
6 122 135 136 53 87 66 68 52 2 #SUP: 2
6 122 135 136 53 87 66 68 52 #SUP: 2
2 122 135 136 53 87 66 68 #SUP: 2
6 122 135 136 53 87 66 68 2 #SUP: 2
6 122 135 136 53 87 66 68 #SUP: 2
52 122 135 136 53 87 66 #SUP: 2
2 122 135 136 53 87 66 52 #SUP: 2
6 122 135 136 53 87 66 52 2 #SUP: 2
6 122 135 136 53 87 66 52 #SUP: 2
2 122 135 136 53 87 66 #SUP: 2
6 122 135 136 53 87 66 2 #SUP: 2
6 122 135 136 53 87 66 #SUP: 2
68 122 135 136 53 87 #SUP: 2
52 122 135 136 53 87 68 #SUP: 2
2 122 135 136 53 87 68 52 #SUP: 2
6 122 135 136 53 87 68 52 2 #SUP: 2
6 122 135 136 53 87 68 52 #SUP: 2
2 122 135 136 53 87 68 #SUP: 2
6 122 135 136 53 87 68 2 #SUP: 2
6 122 135 136 53 87 68 #SUP: 2
52 122 135 136 53 87 #SUP: 2
2 122 135 136 53 87 52 #SUP: 2
6 122 135 136 53 87 52 2 #SUP: 2
6 122 135 136 53 87 52 #SUP: 2
2 122 135 136 53 87 #SUP: 2
6 122 135 136 53 87 2 #SUP: 2
6 122 135 136 53 87 #SUP: 2
66 122 135 136 53 #SUP: 2
68 122 135 136 53 66 #SUP: 2
52 122 135 136 53 66 68 #SUP: 2
2 122 135 136 53 66 68 52 #SUP: 2
6 122 135 136 53 66 68 52 2 #SUP: 2
6 122 135 136 53 66 68 52 #SUP: 2
2 122 135 136 53 66 68 #SUP: 2
6 122 135 136 53 66 68 2 #SUP: 2
6 122 135 136 53 66 68 #SUP: 2
52 122 135 136 53 66 #SUP: 2
2 122 135 136 53 66 52 #SUP: 2
6 122 135 136 53 66 52 2 #SUP: 2
6 122 135 136 53 66 52 #SUP: 2
2 122 135 136 53 66 #SUP: 2
6 122 135 136 53 66 2 #SUP: 2
6 122 135 136 53 66 #SUP: 2
68 122 135 136 53 #SUP: 2
52 122 135 136 53 68 #SUP: 2
2 122 135 136 53 68 52 #SUP: 2
6 122 135 136 53 68 52 2 #SUP: 2
6 122 135 136 53 68 52 #SUP: 2
2 122 135 136 53 68 #SUP: 2
6 122 135 136 53 68 2 #SUP: 2
6 122 135 136 53 68 #SUP: 2
52 122 135 136 53 #SUP: 2
2 122 135 136 53 52 #SUP: 2
6 122 135 136 53 52 2 #SUP: 2
6 122 135 136 53 52 #SUP: 2
2 122 135 136 53 #SUP: 2
6 122 135 136 53 2 #SUP: 2
6 122 135 136 53 #SUP: 2
87 122 135 136 #SUP: 2
66 122 135 136 87 #SUP: 2
68 122 135 136 87 66 #SUP: 2
52 122 135 136 87 66 68 #SUP: 2
2 122 135 136 87 66 68 52 #SUP: 2
6 122 135 136 87 66 68 52 2 #SUP: 2
6 122 135 136 87 66 68 52 #SUP: 2
2 122 135 136 87 66 68 #SUP: 2
6 122 135 136 87 66 68 2 #SUP: 2
6 122 135 136 87 66 68 #SUP: 2
52 122 135 136 87 66 #SUP: 2
2 122 135 136 87 66 52 #SUP: 2
6 122 135 136 87 66 52 2 #SUP: 2
6 122 135 136 87 66 52 #SUP: 2
2 122 135 136 87 66 #SUP: 2
6 122 135 136 87 66 2 #SUP: 2
6 122 135 136 87 66 #SUP: 2
68 122 135 136 87 #SUP: 2
52 122 135 136 87 68 #SUP: 2
2 122 135 136 87 68 52 #SUP: 2
6 122 135 136 87 68 52 2 #SUP: 2
6 122 135 136 87 68 52 #SUP: 2
2 122 135 136 87 68 #SUP: 2
6 122 135 136 87 68 2 #SUP: 2
6 122 135 136 87 68 #SUP: 2
52 122 135 136 87 #SUP: 2
2 122 135 136 87 52 #SUP: 2
6 122 135 136 87 52 2 #SUP: 2
6 122 135 136 87 52 #SUP: 2
2 122 135 136 87 #SUP: 2
6 122 135 136 87 2 #SUP: 2
6 122 135 136 87 #SUP: 2
66 122 135 136 #SUP: 2
68 122 135 136 66 #SUP: 2
52 122 135 136 66 68 #SUP: 2
2 122 135 136 66 68 52 #SUP: 2
6 122 135 136 66 68 52 2 #SUP: 2
6 122 135 136 66 68 52 #SUP: 2
2 122 135 136 66 68 #SUP: 2
6 122 135 136 66 68 2 #SUP: 2
6 122 135 136 66 68 #SUP: 2
52 122 135 136 66 #SUP: 2
2 122 135 136 66 52 #SUP: 2
6 122 135 136 66 52 2 #SUP: 2
6 122 135 136 66 52 #SUP: 2
2 122 135 136 66 #SUP: 2
6 122 135 136 66 2 #SUP: 2
6 122 135 136 66 #SUP: 2
68 122 135 136 #SUP: 2
52 122 135 136 68 #SUP: 2
2 122 135 136 68 52 #SUP: 2
6 122 135 136 68 52 2 #SUP: 2
6 122 135 136 68 52 #SUP: 2
2 122 135 136 68 #SUP: 2
6 122 135 136 68 2 #SUP: 2
6 122 135 136 68 #SUP: 2
52 122 135 136 #SUP: 2
2 122 135 136 52 #SUP: 2
6 122 135 136 52 2 #SUP: 2
6 122 135 136 52 #SUP: 2
2 122 135 136 #SUP: 2
6 122 135 136 2 #SUP: 2
6 122 135 136 #SUP: 2
53 122 135 #SUP: 2
87 122 135 53 #SUP: 2
66 122 135 53 87 #SUP: 2
68 122 135 53 87 66 #SUP: 2
52 122 135 53 87 66 68 #SUP: 2
2 122 135 53 87 66 68 52 #SUP: 2
6 122 135 53 87 66 68 52 2 #SUP: 2
6 122 135 53 87 66 68 52 #SUP: 2
2 122 135 53 87 66 68 #SUP: 2
6 122 135 53 87 66 68 2 #SUP: 2
6 122 135 53 87 66 68 #SUP: 2
52 122 135 53 87 66 #SUP: 2
2 122 135 53 87 66 52 #SUP: 2
6 122 135 53 87 66 52 2 #SUP: 2
6 122 135 53 87 66 52 #SUP: 2
2 122 135 53 87 66 #SUP: 2
6 122 135 53 87 66 2 #SUP: 2
6 122 135 53 87 66 #SUP: 2
68 122 135 53 87 #SUP: 2
52 122 135 53 87 68 #SUP: 2
2 122 135 53 87 68 52 #SUP: 2
6 122 135 53 87 68 52 2 #SUP: 2
6 122 135 53 87 68 52 #SUP: 2
2 122 135 53 87 68 #SUP: 2
6 122 135 53 87 68 2 #SUP: 2
6 122 135 53 87 68 #SUP: 2
52 122 135 53 87 #SUP: 2
2 122 135 53 87 52 #SUP: 2
6 122 135 53 87 52 2 #SUP: 2
6 122 135 53 87 52 #SUP: 2
2 122 135 53 87 #SUP: 2
6 122 135 53 87 2 #SUP: 2
6 122 135 53 87 #SUP: 2
66 122 135 53 #SUP: 2
68 122 135 53 66 #SUP: 2
52 122 135 53 66 68 #SUP: 2
2 122 135 53 66 68 52 #SUP: 2
6 122 135 53 66 68 52 2 #SUP: 2
6 122 135 53 66 68 52 #SUP: 2
2 122 135 53 66 68 #SUP: 2
6 122 135 53 66 68 2 #SUP: 2
6 122 135 53 66 68 #SUP: 2
52 122 135 53 66 #SUP: 2
2 122 135 53 66 52 #SUP: 2
6 122 135 53 66 52 2 #SUP: 2
6 122 135 53 66 52 #SUP: 2
2 122 135 53 66 #SUP: 2
6 122 135 53 66 2 #SUP: 2
6 122 135 53 66 #SUP: 2
68 122 135 53 #SUP: 2
52 122 135 53 68 #SUP: 2
2 122 135 53 68 52 #SUP: 2
6 122 135 53 68 52 2 #SUP: 2
6 122 135 53 68 52 #SUP: 2
2 122 135 53 68 #SUP: 2
6 122 135 53 68 2 #SUP: 2
6 122 135 53 68 #SUP: 2
52 122 135 53 #SUP: 2
2 122 135 53 52 #SUP: 2
6 122 135 53 52 2 #SUP: 2
6 122 135 53 52 #SUP: 2
2 122 135 53 #SUP: 2
6 122 135 53 2 #SUP: 2
6 122 135 53 #SUP: 2
87 122 135 #SUP: 2
66 122 135 87 #SUP: 2
68 122 135 87 66 #SUP: 2
52 122 135 87 66 68 #SUP: 2
2 122 135 87 66 68 52 #SUP: 2
6 122 135 87 66 68 52 2 #SUP: 2
6 122 135 87 66 68 52 #SUP: 2
2 122 135 87 66 68 #SUP: 2
6 122 135 87 66 68 2 #SUP: 2
6 122 135 87 66 68 #SUP: 2
52 122 135 87 66 #SUP: 2
2 122 135 87 66 52 #SUP: 2
6 122 135 87 66 52 2 #SUP: 2
6 122 135 87 66 52 #SUP: 2
2 122 135 87 66 #SUP: 2
6 122 135 87 66 2 #SUP: 2
6 122 135 87 66 #SUP: 2
68 122 135 87 #SUP: 2
52 122 135 87 68 #SUP: 2
2 122 135 87 68 52 #SUP: 2
6 122 135 87 68 52 2 #SUP: 2
6 122 135 87 68 52 #SUP: 2
2 122 135 87 68 #SUP: 2
6 122 135 87 68 2 #SUP: 2
6 122 135 87 68 #SUP: 2
52 122 135 87 #SUP: 2
2 122 135 87 52 #SUP: 2
6 122 135 87 52 2 #SUP: 2
6 122 135 87 52 #SUP: 2
2 122 135 87 #SUP: 2
6 122 135 87 2 #SUP: 2
6 122 135 87 #SUP: 2
66 122 135 #SUP: 2
68 122 135 66 #SUP: 2
52 122 135 66 68 #SUP: 2
2 122 135 66 68 52 #SUP: 2
6 122 135 66 68 52 2 #SUP: 2
6 122 135 66 68 52 #SUP: 2
2 122 135 66 68 #SUP: 2
6 122 135 66 68 2 #SUP: 2
6 122 135 66 68 #SUP: 2
52 122 135 66 #SUP: 2
2 122 135 66 52 #SUP: 2
6 122 135 66 52 2 #SUP: 2
6 122 135 66 52 #SUP: 2
2 122 135 66 #SUP: 2
6 122 135 66 2 #SUP: 2
6 122 135 66 #SUP: 2
68 122 135 #SUP: 2
52 122 135 68 #SUP: 2
2 122 135 68 52 #SUP: 2
6 122 135 68 52 2 #SUP: 2
6 122 135 68 52 #SUP: 2
2 122 135 68 #SUP: 2
6 122 135 68 2 #SUP: 2
6 122 135 68 #SUP: 2
52 122 135 #SUP: 2
2 122 135 52 #SUP: 2
6 122 135 52 2 #SUP: 2
6 122 135 52 #SUP: 2
2 122 135 #SUP: 2
6 122 135 2 #SUP: 2
6 122 135 #SUP: 2
136 122 #SUP: 2
53 122 136 #SUP: 2
87 122 136 53 #SUP: 2
66 122 136 53 87 #SUP: 2
68 122 136 53 87 66 #SUP: 2
52 122 136 53 87 66 68 #SUP: 2
2 122 136 53 87 66 68 52 #SUP: 2
6 122 136 53 87 66 68 52 2 #SUP: 2
6 122 136 53 87 66 68 52 #SUP: 2
2 122 136 53 87 66 68 #SUP: 2
6 122 136 53 87 66 68 2 #SUP: 2
6 122 136 53 87 66 68 #SUP: 2
52 122 136 53 87 66 #SUP: 2
2 122 136 53 87 66 52 #SUP: 2
6 122 136 53 87 66 52 2 #SUP: 2
6 122 136 53 87 66 52 #SUP: 2
2 122 136 53 87 66 #SUP: 2
6 122 136 53 87 66 2 #SUP: 2
6 122 136 53 87 66 #SUP: 2
68 122 136 53 87 #SUP: 2
52 122 136 53 87 68 #SUP: 2
2 122 136 53 87 68 52 #SUP: 2
6 122 136 53 87 68 52 2 #SUP: 2
6 122 136 53 87 68 52 #SUP: 2
2 122 136 53 87 68 #SUP: 2
6 122 136 53 87 68 2 #SUP: 2
6 122 136 53 87 68 #SUP: 2
52 122 136 53 87 #SUP: 2
2 122 136 53 87 52 #SUP: 2
6 122 136 53 87 52 2 #SUP: 2
6 122 136 53 87 52 #SUP: 2
2 122 136 53 87 #SUP: 2
6 122 136 53 87 2 #SUP: 2
6 122 136 53 87 #SUP: 2
66 122 136 53 #SUP: 2
68 122 136 53 66 #SUP: 2
52 122 136 53 66 68 #SUP: 2
2 122 136 53 66 68 52 #SUP: 2
6 122 136 53 66 68 52 2 #SUP: 2
6 122 136 53 66 68 52 #SUP: 2
2 122 136 53 66 68 #SUP: 2
6 122 136 53 66 68 2 #SUP: 2
6 122 136 53 66 68 #SUP: 2
52 122 136 53 66 #SUP: 2
2 122 136 53 66 52 #SUP: 2
6 122 136 53 66 52 2 #SUP: 2
6 122 136 53 66 52 #SUP: 2
2 122 136 53 66 #SUP: 2
6 122 136 53 66 2 #SUP: 2
6 122 136 53 66 #SUP: 2
68 122 136 53 #SUP: 2
52 122 136 53 68 #SUP: 2
2 122 136 53 68 52 #SUP: 2
6 122 136 53 68 52 2 #SUP: 2
6 122 136 53 68 52 #SUP: 2
2 122 136 53 68 #SUP: 2
6 122 136 53 68 2 #SUP: 2
6 122 136 53 68 #SUP: 2
52 122 136 53 #SUP: 2
2 122 136 53 52 #SUP: 2
6 122 136 53 52 2 #SUP: 2
6 122 136 53 52 #SUP: 2
2 122 136 53 #SUP: 2
6 122 136 53 2 #SUP: 2
6 122 136 53 #SUP: 2
87 122 136 #SUP: 2
66 122 136 87 #SUP: 2
68 122 136 87 66 #SUP: 2
52 122 136 87 66 68 #SUP: 2
2 122 136 87 66 68 52 #SUP: 2
6 122 136 87 66 68 52 2 #SUP: 2
6 122 136 87 66 68 52 #SUP: 2
2 122 136 87 66 68 #SUP: 2
6 122 136 87 66 68 2 #SUP: 2
6 122 136 87 66 68 #SUP: 2
52 122 136 87 66 #SUP: 2
2 122 136 87 66 52 #SUP: 2
6 122 136 87 66 52 2 #SUP: 2
6 122 136 87 66 52 #SUP: 2
2 122 136 87 66 #SUP: 2
6 122 136 87 66 2 #SUP: 2
6 122 136 87 66 #SUP: 2
68 122 136 87 #SUP: 2
52 122 136 87 68 #SUP: 2
2 122 136 87 68 52 #SUP: 2
6 122 136 87 68 52 2 #SUP: 2
6 122 136 87 68 52 #SUP: 2
2 122 136 87 68 #SUP: 2
6 122 136 87 68 2 #SUP: 2
6 122 136 87 68 #SUP: 2
52 122 136 87 #SUP: 2
2 122 136 87 52 #SUP: 2
6 122 136 87 52 2 #SUP: 2
6 122 136 87 52 #SUP: 2
2 122 136 87 #SUP: 2
6 122 136 87 2 #SUP: 2
6 122 136 87 #SUP: 2
66 122 136 #SUP: 2
68 122 136 66 #SUP: 2
52 122 136 66 68 #SUP: 2
2 122 136 66 68 52 #SUP: 2
6 122 136 66 68 52 2 #SUP: 2
6 122 136 66 68 52 #SUP: 2
2 122 136 66 68 #SUP: 2
6 122 136 66 68 2 #SUP: 2
6 122 136 66 68 #SUP: 2
52 122 136 66 #SUP: 2
2 122 136 66 52 #SUP: 2
6 122 136 66 52 2 #SUP: 2
6 122 136 66 52 #SUP: 2
2 122 136 66 #SUP: 2
6 122 136 66 2 #SUP: 2
6 122 136 66 #SUP: 2
68 122 136 #SUP: 2
52 122 136 68 #SUP: 2
2 122 136 68 52 #SUP: 2
6 122 136 68 52 2 #SUP: 2
6 122 136 68 52 #SUP: 2
2 122 136 68 #SUP: 2
6 122 136 68 2 #SUP: 2
6 122 136 68 #SUP: 2
52 122 136 #SUP: 2
2 122 136 52 #SUP: 2
6 122 136 52 2 #SUP: 2
6 122 136 52 #SUP: 2
2 122 136 #SUP: 2
6 122 136 2 #SUP: 2
6 122 136 #SUP: 2
53 122 #SUP: 2
87 122 53 #SUP: 2
66 122 53 87 #SUP: 2
68 122 53 87 66 #SUP: 2
52 122 53 87 66 68 #SUP: 2
2 122 53 87 66 68 52 #SUP: 2
6 122 53 87 66 68 52 2 #SUP: 2
6 122 53 87 66 68 52 #SUP: 2
2 122 53 87 66 68 #SUP: 2
6 122 53 87 66 68 2 #SUP: 2
6 122 53 87 66 68 #SUP: 2
52 122 53 87 66 #SUP: 2
2 122 53 87 66 52 #SUP: 2
6 122 53 87 66 52 2 #SUP: 2
6 122 53 87 66 52 #SUP: 2
2 122 53 87 66 #SUP: 2
6 122 53 87 66 2 #SUP: 2
6 122 53 87 66 #SUP: 2
68 122 53 87 #SUP: 2
52 122 53 87 68 #SUP: 2
2 122 53 87 68 52 #SUP: 2
6 122 53 87 68 52 2 #SUP: 2
6 122 53 87 68 52 #SUP: 2
2 122 53 87 68 #SUP: 2
6 122 53 87 68 2 #SUP: 2
6 122 53 87 68 #SUP: 2
52 122 53 87 #SUP: 2
2 122 53 87 52 #SUP: 2
6 122 53 87 52 2 #SUP: 2
6 122 53 87 52 #SUP: 2
2 122 53 87 #SUP: 2
6 122 53 87 2 #SUP: 2
6 122 53 87 #SUP: 2
66 122 53 #SUP: 2
68 122 53 66 #SUP: 2
52 122 53 66 68 #SUP: 2
2 122 53 66 68 52 #SUP: 2
6 122 53 66 68 52 2 #SUP: 2
6 122 53 66 68 52 #SUP: 2
2 122 53 66 68 #SUP: 2
6 122 53 66 68 2 #SUP: 2
6 122 53 66 68 #SUP: 2
52 122 53 66 #SUP: 2
2 122 53 66 52 #SUP: 2
6 122 53 66 52 2 #SUP: 2
6 122 53 66 52 #SUP: 2
2 122 53 66 #SUP: 2
6 122 53 66 2 #SUP: 2
6 122 53 66 #SUP: 2
68 122 53 #SUP: 2
52 122 53 68 #SUP: 2
2 122 53 68 52 #SUP: 2
6 122 53 68 52 2 #SUP: 2
6 122 53 68 52 #SUP: 2
2 122 53 68 #SUP: 2
6 122 53 68 2 #SUP: 2
6 122 53 68 #SUP: 2
52 122 53 #SUP: 2
2 122 53 52 #SUP: 2
6 122 53 52 2 #SUP: 2
6 122 53 52 #SUP: 2
2 122 53 #SUP: 2
6 122 53 2 #SUP: 2
6 122 53 #SUP: 2
87 122 #SUP: 2
66 122 87 #SUP: 2
68 122 87 66 #SUP: 2
52 122 87 66 68 #SUP: 2
2 122 87 66 68 52 #SUP: 2
6 122 87 66 68 52 2 #SUP: 2
6 122 87 66 68 52 #SUP: 2
2 122 87 66 68 #SUP: 2
6 122 87 66 68 2 #SUP: 2
6 122 87 66 68 #SUP: 2
52 122 87 66 #SUP: 2
2 122 87 66 52 #SUP: 2
6 122 87 66 52 2 #SUP: 2
6 122 87 66 52 #SUP: 2
2 122 87 66 #SUP: 2
6 122 87 66 2 #SUP: 2
6 122 87 66 #SUP: 2
68 122 87 #SUP: 2
52 122 87 68 #SUP: 2
2 122 87 68 52 #SUP: 2
6 122 87 68 52 2 #SUP: 2
6 122 87 68 52 #SUP: 2
2 122 87 68 #SUP: 2
6 122 87 68 2 #SUP: 2
6 122 87 68 #SUP: 2
52 122 87 #SUP: 2
2 122 87 52 #SUP: 2
6 122 87 52 2 #SUP: 2
6 122 87 52 #SUP: 2
2 122 87 #SUP: 2
6 122 87 2 #SUP: 2
6 122 87 #SUP: 2
66 122 #SUP: 2
68 122 66 #SUP: 2
52 122 66 68 #SUP: 2
2 122 66 68 52 #SUP: 2
6 122 66 68 52 2 #SUP: 2
6 122 66 68 52 #SUP: 2
2 122 66 68 #SUP: 2
6 122 66 68 2 #SUP: 2
6 122 66 68 #SUP: 2
52 122 66 #SUP: 2
2 122 66 52 #SUP: 2
6 122 66 52 2 #SUP: 2
6 122 66 52 #SUP: 2
2 122 66 #SUP: 2
6 122 66 2 #SUP: 2
6 122 66 #SUP: 2
68 122 #SUP: 2
52 122 68 #SUP: 2
2 122 68 52 #SUP: 2
6 122 68 52 2 #SUP: 2
6 122 68 52 #SUP: 2
2 122 68 #SUP: 2
6 122 68 2 #SUP: 2
6 122 68 #SUP: 2
52 122 #SUP: 2
2 122 52 #SUP: 2
6 122 52 2 #SUP: 2
6 122 52 #SUP: 2
2 122 #SUP: 2
6 122 2 #SUP: 2
6 122 #SUP: 2
133  #SUP: 2
135 133 #SUP: 2
136 133 135 #SUP: 2
53 133 135 136 #SUP: 2
87 133 135 136 53 #SUP: 2
66 133 135 136 53 87 #SUP: 2
68 133 135 136 53 87 66 #SUP: 2
52 133 135 136 53 87 66 68 #SUP: 2
2 133 135 136 53 87 66 68 52 #SUP: 2
6 133 135 136 53 87 66 68 52 2 #SUP: 2
6 133 135 136 53 87 66 68 52 #SUP: 2
2 133 135 136 53 87 66 68 #SUP: 2
6 133 135 136 53 87 66 68 2 #SUP: 2
6 133 135 136 53 87 66 68 #SUP: 2
52 133 135 136 53 87 66 #SUP: 2
2 133 135 136 53 87 66 52 #SUP: 2
6 133 135 136 53 87 66 52 2 #SUP: 2
6 133 135 136 53 87 66 52 #SUP: 2
2 133 135 136 53 87 66 #SUP: 2
6 133 135 136 53 87 66 2 #SUP: 2
6 133 135 136 53 87 66 #SUP: 2
68 133 135 136 53 87 #SUP: 2
52 133 135 136 53 87 68 #SUP: 2
2 133 135 136 53 87 68 52 #SUP: 2
6 133 135 136 53 87 68 52 2 #SUP: 2
6 133 135 136 53 87 68 52 #SUP: 2
2 133 135 136 53 87 68 #SUP: 2
6 133 135 136 53 87 68 2 #SUP: 2
6 133 135 136 53 87 68 #SUP: 2
52 133 135 136 53 87 #SUP: 2
2 133 135 136 53 87 52 #SUP: 2
6 133 135 136 53 87 52 2 #SUP: 2
6 133 135 136 53 87 52 #SUP: 2
2 133 135 136 53 87 #SUP: 2
6 133 135 136 53 87 2 #SUP: 2
6 133 135 136 53 87 #SUP: 2
66 133 135 136 53 #SUP: 2
68 133 135 136 53 66 #SUP: 2
52 133 135 136 53 66 68 #SUP: 2
2 133 135 136 53 66 68 52 #SUP: 2
6 133 135 136 53 66 68 52 2 #SUP: 2
6 133 135 136 53 66 68 52 #SUP: 2
2 133 135 136 53 66 68 #SUP: 2
6 133 135 136 53 66 68 2 #SUP: 2
6 133 135 136 53 66 68 #SUP: 2
52 133 135 136 53 66 #SUP: 2
2 133 135 136 53 66 52 #SUP: 2
6 133 135 136 53 66 52 2 #SUP: 2
6 133 135 136 53 66 52 #SUP: 2
2 133 135 136 53 66 #SUP: 2
6 133 135 136 53 66 2 #SUP: 2
6 133 135 136 53 66 #SUP: 2
68 133 135 136 53 #SUP: 2
52 133 135 136 53 68 #SUP: 2
2 133 135 136 53 68 52 #SUP: 2
6 133 135 136 53 68 52 2 #SUP: 2
6 133 135 136 53 68 52 #SUP: 2
2 133 135 136 53 68 #SUP: 2
6 133 135 136 53 68 2 #SUP: 2
6 133 135 136 53 68 #SUP: 2
52 133 135 136 53 #SUP: 2
2 133 135 136 53 52 #SUP: 2
6 133 135 136 53 52 2 #SUP: 2
6 133 135 136 53 52 #SUP: 2
2 133 135 136 53 #SUP: 2
6 133 135 136 53 2 #SUP: 2
6 133 135 136 53 #SUP: 2
87 133 135 136 #SUP: 2
66 133 135 136 87 #SUP: 2
68 133 135 136 87 66 #SUP: 2
52 133 135 136 87 66 68 #SUP: 2
2 133 135 136 87 66 68 52 #SUP: 2
6 133 135 136 87 66 68 52 2 #SUP: 2
6 133 135 136 87 66 68 52 #SUP: 2
2 133 135 136 87 66 68 #SUP: 2
6 133 135 136 87 66 68 2 #SUP: 2
6 133 135 136 87 66 68 #SUP: 2
52 133 135 136 87 66 #SUP: 2
2 133 135 136 87 66 52 #SUP: 2
6 133 135 136 87 66 52 2 #SUP: 2
6 133 135 136 87 66 52 #SUP: 2
2 133 135 136 87 66 #SUP: 2
6 133 135 136 87 66 2 #SUP: 2
6 133 135 136 87 66 #SUP: 2
68 133 135 136 87 #SUP: 2
52 133 135 136 87 68 #SUP: 2
2 133 135 136 87 68 52 #SUP: 2
6 133 135 136 87 68 52 2 #SUP: 2
6 133 135 136 87 68 52 #SUP: 2
2 133 135 136 87 68 #SUP: 2
6 133 135 136 87 68 2 #SUP: 2
6 133 135 136 87 68 #SUP: 2
52 133 135 136 87 #SUP: 2
2 133 135 136 87 52 #SUP: 2
6 133 135 136 87 52 2 #SUP: 2
6 133 135 136 87 52 #SUP: 2
2 133 135 136 87 #SUP: 2
6 133 135 136 87 2 #SUP: 2
6 133 135 136 87 #SUP: 2
66 133 135 136 #SUP: 2
68 133 135 136 66 #SUP: 2
52 133 135 136 66 68 #SUP: 2
2 133 135 136 66 68 52 #SUP: 2
6 133 135 136 66 68 52 2 #SUP: 2
6 133 135 136 66 68 52 #SUP: 2
2 133 135 136 66 68 #SUP: 2
6 133 135 136 66 68 2 #SUP: 2
6 133 135 136 66 68 #SUP: 2
52 133 135 136 66 #SUP: 2
2 133 135 136 66 52 #SUP: 2
6 133 135 136 66 52 2 #SUP: 2
6 133 135 136 66 52 #SUP: 2
2 133 135 136 66 #SUP: 2
6 133 135 136 66 2 #SUP: 2
6 133 135 136 66 #SUP: 2
68 133 135 136 #SUP: 2
52 133 135 136 68 #SUP: 2
2 133 135 136 68 52 #SUP: 2
6 133 135 136 68 52 2 #SUP: 2
6 133 135 136 68 52 #SUP: 2
2 133 135 136 68 #SUP: 2
6 133 135 136 68 2 #SUP: 2
6 133 135 136 68 #SUP: 2
52 133 135 136 #SUP: 2
2 133 135 136 52 #SUP: 2
6 133 135 136 52 2 #SUP: 2
6 133 135 136 52 #SUP: 2
2 133 135 136 #SUP: 2
6 133 135 136 2 #SUP: 2
6 133 135 136 #SUP: 2
53 133 135 #SUP: 2
87 133 135 53 #SUP: 2
66 133 135 53 87 #SUP: 2
68 133 135 53 87 66 #SUP: 2
52 133 135 53 87 66 68 #SUP: 2
2 133 135 53 87 66 68 52 #SUP: 2
6 133 135 53 87 66 68 52 2 #SUP: 2
6 133 135 53 87 66 68 52 #SUP: 2
2 133 135 53 87 66 68 #SUP: 2
6 133 135 53 87 66 68 2 #SUP: 2
6 133 135 53 87 66 68 #SUP: 2
52 133 135 53 87 66 #SUP: 2
2 133 135 53 87 66 52 #SUP: 2
6 133 135 53 87 66 52 2 #SUP: 2
6 133 135 53 87 66 52 #SUP: 2
2 133 135 53 87 66 #SUP: 2
6 133 135 53 87 66 2 #SUP: 2
6 133 135 53 87 66 #SUP: 2
68 133 135 53 87 #SUP: 2
52 133 135 53 87 68 #SUP: 2
2 133 135 53 87 68 52 #SUP: 2
6 133 135 53 87 68 52 2 #SUP: 2
6 133 135 53 87 68 52 #SUP: 2
2 133 135 53 87 68 #SUP: 2
6 133 135 53 87 68 2 #SUP: 2
6 133 135 53 87 68 #SUP: 2
52 133 135 53 87 #SUP: 2
2 133 135 53 87 52 #SUP: 2
6 133 135 53 87 52 2 #SUP: 2
6 133 135 53 87 52 #SUP: 2
2 133 135 53 87 #SUP: 2
6 133 135 53 87 2 #SUP: 2
6 133 135 53 87 #SUP: 2
66 133 135 53 #SUP: 2
68 133 135 53 66 #SUP: 2
52 133 135 53 66 68 #SUP: 2
2 133 135 53 66 68 52 #SUP: 2
6 133 135 53 66 68 52 2 #SUP: 2
6 133 135 53 66 68 52 #SUP: 2
2 133 135 53 66 68 #SUP: 2
6 133 135 53 66 68 2 #SUP: 2
6 133 135 53 66 68 #SUP: 2
52 133 135 53 66 #SUP: 2
2 133 135 53 66 52 #SUP: 2
6 133 135 53 66 52 2 #SUP: 2
6 133 135 53 66 52 #SUP: 2
2 133 135 53 66 #SUP: 2
6 133 135 53 66 2 #SUP: 2
6 133 135 53 66 #SUP: 2
68 133 135 53 #SUP: 2
52 133 135 53 68 #SUP: 2
2 133 135 53 68 52 #SUP: 2
6 133 135 53 68 52 2 #SUP: 2
6 133 135 53 68 52 #SUP: 2
2 133 135 53 68 #SUP: 2
6 133 135 53 68 2 #SUP: 2
6 133 135 53 68 #SUP: 2
52 133 135 53 #SUP: 2
2 133 135 53 52 #SUP: 2
6 133 135 53 52 2 #SUP: 2
6 133 135 53 52 #SUP: 2
2 133 135 53 #SUP: 2
6 133 135 53 2 #SUP: 2
6 133 135 53 #SUP: 2
87 133 135 #SUP: 2
66 133 135 87 #SUP: 2
68 133 135 87 66 #SUP: 2
52 133 135 87 66 68 #SUP: 2
2 133 135 87 66 68 52 #SUP: 2
6 133 135 87 66 68 52 2 #SUP: 2
6 133 135 87 66 68 52 #SUP: 2
2 133 135 87 66 68 #SUP: 2
6 133 135 87 66 68 2 #SUP: 2
6 133 135 87 66 68 #SUP: 2
52 133 135 87 66 #SUP: 2
2 133 135 87 66 52 #SUP: 2
6 133 135 87 66 52 2 #SUP: 2
6 133 135 87 66 52 #SUP: 2
2 133 135 87 66 #SUP: 2
6 133 135 87 66 2 #SUP: 2
6 133 135 87 66 #SUP: 2
68 133 135 87 #SUP: 2
52 133 135 87 68 #SUP: 2
2 133 135 87 68 52 #SUP: 2
6 133 135 87 68 52 2 #SUP: 2
6 133 135 87 68 52 #SUP: 2
2 133 135 87 68 #SUP: 2
6 133 135 87 68 2 #SUP: 2
6 133 135 87 68 #SUP: 2
52 133 135 87 #SUP: 2
2 133 135 87 52 #SUP: 2
6 133 135 87 52 2 #SUP: 2
6 133 135 87 52 #SUP: 2
2 133 135 87 #SUP: 2
6 133 135 87 2 #SUP: 2
6 133 135 87 #SUP: 2
66 133 135 #SUP: 2
68 133 135 66 #SUP: 2
52 133 135 66 68 #SUP: 2
2 133 135 66 68 52 #SUP: 2
6 133 135 66 68 52 2 #SUP: 2
6 133 135 66 68 52 #SUP: 2
2 133 135 66 68 #SUP: 2
6 133 135 66 68 2 #SUP: 2
6 133 135 66 68 #SUP: 2
52 133 135 66 #SUP: 2
2 133 135 66 52 #SUP: 2
6 133 135 66 52 2 #SUP: 2
6 133 135 66 52 #SUP: 2
2 133 135 66 #SUP: 2
6 133 135 66 2 #SUP: 2
6 133 135 66 #SUP: 2
68 133 135 #SUP: 2
52 133 135 68 #SUP: 2
2 133 135 68 52 #SUP: 2
6 133 135 68 52 2 #SUP: 2
6 133 135 68 52 #SUP: 2
2 133 135 68 #SUP: 2
6 133 135 68 2 #SUP: 2
6 133 135 68 #SUP: 2
52 133 135 #SUP: 2
2 133 135 52 #SUP: 2
6 133 135 52 2 #SUP: 2
6 133 135 52 #SUP: 2
2 133 135 #SUP: 2
6 133 135 2 #SUP: 2
6 133 135 #SUP: 2
136 133 #SUP: 2
53 133 136 #SUP: 2
87 133 136 53 #SUP: 2
66 133 136 53 87 #SUP: 2
68 133 136 53 87 66 #SUP: 2
52 133 136 53 87 66 68 #SUP: 2
2 133 136 53 87 66 68 52 #SUP: 2
6 133 136 53 87 66 68 52 2 #SUP: 2
6 133 136 53 87 66 68 52 #SUP: 2
2 133 136 53 87 66 68 #SUP: 2
6 133 136 53 87 66 68 2 #SUP: 2
6 133 136 53 87 66 68 #SUP: 2
52 133 136 53 87 66 #SUP: 2
2 133 136 53 87 66 52 #SUP: 2
6 133 136 53 87 66 52 2 #SUP: 2
6 133 136 53 87 66 52 #SUP: 2
2 133 136 53 87 66 #SUP: 2
6 133 136 53 87 66 2 #SUP: 2
6 133 136 53 87 66 #SUP: 2
68 133 136 53 87 #SUP: 2
52 133 136 53 87 68 #SUP: 2
2 133 136 53 87 68 52 #SUP: 2
6 133 136 53 87 68 52 2 #SUP: 2
6 133 136 53 87 68 52 #SUP: 2
2 133 136 53 87 68 #SUP: 2
6 133 136 53 87 68 2 #SUP: 2
6 133 136 53 87 68 #SUP: 2
52 133 136 53 87 #SUP: 2
2 133 136 53 87 52 #SUP: 2
6 133 136 53 87 52 2 #SUP: 2
6 133 136 53 87 52 #SUP: 2
2 133 136 53 87 #SUP: 2
6 133 136 53 87 2 #SUP: 2
6 133 136 53 87 #SUP: 2
66 133 136 53 #SUP: 2
68 133 136 53 66 #SUP: 2
52 133 136 53 66 68 #SUP: 2
2 133 136 53 66 68 52 #SUP: 2
6 133 136 53 66 68 52 2 #SUP: 2
6 133 136 53 66 68 52 #SUP: 2
2 133 136 53 66 68 #SUP: 2
6 133 136 53 66 68 2 #SUP: 2
6 133 136 53 66 68 #SUP: 2
52 133 136 53 66 #SUP: 2
2 133 136 53 66 52 #SUP: 2
6 133 136 53 66 52 2 #SUP: 2
6 133 136 53 66 52 #SUP: 2
2 133 136 53 66 #SUP: 2
6 133 136 53 66 2 #SUP: 2
6 133 136 53 66 #SUP: 2
68 133 136 53 #SUP: 2
52 133 136 53 68 #SUP: 2
2 133 136 53 68 52 #SUP: 2
6 133 136 53 68 52 2 #SUP: 2
6 133 136 53 68 52 #SUP: 2
2 133 136 53 68 #SUP: 2
6 133 136 53 68 2 #SUP: 2
6 133 136 53 68 #SUP: 2
52 133 136 53 #SUP: 2
2 133 136 53 52 #SUP: 2
6 133 136 53 52 2 #SUP: 2
6 133 136 53 52 #SUP: 2
2 133 136 53 #SUP: 2
6 133 136 53 2 #SUP: 2
6 133 136 53 #SUP: 2
87 133 136 #SUP: 2
66 133 136 87 #SUP: 2
68 133 136 87 66 #SUP: 2
52 133 136 87 66 68 #SUP: 2
2 133 136 87 66 68 52 #SUP: 2
6 133 136 87 66 68 52 2 #SUP: 2
6 133 136 87 66 68 52 #SUP: 2
2 133 136 87 66 68 #SUP: 2
6 133 136 87 66 68 2 #SUP: 2
6 133 136 87 66 68 #SUP: 2
52 133 136 87 66 #SUP: 2
2 133 136 87 66 52 #SUP: 2
6 133 136 87 66 52 2 #SUP: 2
6 133 136 87 66 52 #SUP: 2
2 133 136 87 66 #SUP: 2
6 133 136 87 66 2 #SUP: 2
6 133 136 87 66 #SUP: 2
68 133 136 87 #SUP: 2
52 133 136 87 68 #SUP: 2
2 133 136 87 68 52 #SUP: 2
6 133 136 87 68 52 2 #SUP: 2
6 133 136 87 68 52 #SUP: 2
2 133 136 87 68 #SUP: 2
6 133 136 87 68 2 #SUP: 2
6 133 136 87 68 #SUP: 2
52 133 136 87 #SUP: 2
2 133 136 87 52 #SUP: 2
6 133 136 87 52 2 #SUP: 2
6 133 136 87 52 #SUP: 2
2 133 136 87 #SUP: 2
6 133 136 87 2 #SUP: 2
6 133 136 87 #SUP: 2
66 133 136 #SUP: 2
68 133 136 66 #SUP: 2
52 133 136 66 68 #SUP: 2
2 133 136 66 68 52 #SUP: 2
6 133 136 66 68 52 2 #SUP: 2
6 133 136 66 68 52 #SUP: 2
2 133 136 66 68 #SUP: 2
6 133 136 66 68 2 #SUP: 2
6 133 136 66 68 #SUP: 2
52 133 136 66 #SUP: 2
2 133 136 66 52 #SUP: 2
6 133 136 66 52 2 #SUP: 2
6 133 136 66 52 #SUP: 2
2 133 136 66 #SUP: 2
6 133 136 66 2 #SUP: 2
6 133 136 66 #SUP: 2
68 133 136 #SUP: 2
52 133 136 68 #SUP: 2
2 133 136 68 52 #SUP: 2
6 133 136 68 52 2 #SUP: 2
6 133 136 68 52 #SUP: 2
2 133 136 68 #SUP: 2
6 133 136 68 2 #SUP: 2
6 133 136 68 #SUP: 2
52 133 136 #SUP: 2
2 133 136 52 #SUP: 2
6 133 136 52 2 #SUP: 2
6 133 136 52 #SUP: 2
2 133 136 #SUP: 2
6 133 136 2 #SUP: 2
6 133 136 #SUP: 2
53 133 #SUP: 2
87 133 53 #SUP: 2
66 133 53 87 #SUP: 2
68 133 53 87 66 #SUP: 2
52 133 53 87 66 68 #SUP: 2
2 133 53 87 66 68 52 #SUP: 2
6 133 53 87 66 68 52 2 #SUP: 2
6 133 53 87 66 68 52 #SUP: 2
2 133 53 87 66 68 #SUP: 2
6 133 53 87 66 68 2 #SUP: 2
6 133 53 87 66 68 #SUP: 2
52 133 53 87 66 #SUP: 2
2 133 53 87 66 52 #SUP: 2
6 133 53 87 66 52 2 #SUP: 2
6 133 53 87 66 52 #SUP: 2
2 133 53 87 66 #SUP: 2
6 133 53 87 66 2 #SUP: 2
6 133 53 87 66 #SUP: 2
68 133 53 87 #SUP: 2
52 133 53 87 68 #SUP: 2
2 133 53 87 68 52 #SUP: 2
6 133 53 87 68 52 2 #SUP: 2
6 133 53 87 68 52 #SUP: 2
2 133 53 87 68 #SUP: 2
6 133 53 87 68 2 #SUP: 2
6 133 53 87 68 #SUP: 2
52 133 53 87 #SUP: 2
2 133 53 87 52 #SUP: 2
6 133 53 87 52 2 #SUP: 2
6 133 53 87 52 #SUP: 2
2 133 53 87 #SUP: 2
6 133 53 87 2 #SUP: 2
6 133 53 87 #SUP: 2
66 133 53 #SUP: 2
68 133 53 66 #SUP: 2
52 133 53 66 68 #SUP: 2
2 133 53 66 68 52 #SUP: 2
6 133 53 66 68 52 2 #SUP: 2
6 133 53 66 68 52 #SUP: 2
2 133 53 66 68 #SUP: 2
6 133 53 66 68 2 #SUP: 2
6 133 53 66 68 #SUP: 2
52 133 53 66 #SUP: 2
2 133 53 66 52 #SUP: 2
6 133 53 66 52 2 #SUP: 2
6 133 53 66 52 #SUP: 2
2 133 53 66 #SUP: 2
6 133 53 66 2 #SUP: 2
6 133 53 66 #SUP: 2
68 133 53 #SUP: 2
52 133 53 68 #SUP: 2
2 133 53 68 52 #SUP: 2
6 133 53 68 52 2 #SUP: 2
6 133 53 68 52 #SUP: 2
2 133 53 68 #SUP: 2
6 133 53 68 2 #SUP: 2
6 133 53 68 #SUP: 2
52 133 53 #SUP: 2
2 133 53 52 #SUP: 2
6 133 53 52 2 #SUP: 2
6 133 53 52 #SUP: 2
2 133 53 #SUP: 2
6 133 53 2 #SUP: 2
6 133 53 #SUP: 2
87 133 #SUP: 2
66 133 87 #SUP: 2
68 133 87 66 #SUP: 2
52 133 87 66 68 #SUP: 2
2 133 87 66 68 52 #SUP: 2
6 133 87 66 68 52 2 #SUP: 2
6 133 87 66 68 52 #SUP: 2
2 133 87 66 68 #SUP: 2
6 133 87 66 68 2 #SUP: 2
6 133 87 66 68 #SUP: 2
52 133 87 66 #SUP: 2
2 133 87 66 52 #SUP: 2
6 133 87 66 52 2 #SUP: 2
6 133 87 66 52 #SUP: 2
2 133 87 66 #SUP: 2
6 133 87 66 2 #SUP: 2
6 133 87 66 #SUP: 2
68 133 87 #SUP: 2
52 133 87 68 #SUP: 2
2 133 87 68 52 #SUP: 2
6 133 87 68 52 2 #SUP: 2
6 133 87 68 52 #SUP: 2
2 133 87 68 #SUP: 2
6 133 87 68 2 #SUP: 2
6 133 87 68 #SUP: 2
52 133 87 #SUP: 2
2 133 87 52 #SUP: 2
6 133 87 52 2 #SUP: 2
6 133 87 52 #SUP: 2
2 133 87 #SUP: 2
6 133 87 2 #SUP: 2
6 133 87 #SUP: 2
66 133 #SUP: 2
68 133 66 #SUP: 2
52 133 66 68 #SUP: 2
2 133 66 68 52 #SUP: 2
6 133 66 68 52 2 #SUP: 2
6 133 66 68 52 #SUP: 2
2 133 66 68 #SUP: 2
6 133 66 68 2 #SUP: 2
6 133 66 68 #SUP: 2
52 133 66 #SUP: 2
2 133 66 52 #SUP: 2
6 133 66 52 2 #SUP: 2
6 133 66 52 #SUP: 2
2 133 66 #SUP: 2
6 133 66 2 #SUP: 2
6 133 66 #SUP: 2
68 133 #SUP: 2
52 133 68 #SUP: 2
2 133 68 52 #SUP: 2
6 133 68 52 2 #SUP: 2
6 133 68 52 #SUP: 2
2 133 68 #SUP: 2
6 133 68 2 #SUP: 2
6 133 68 #SUP: 2
52 133 #SUP: 2
2 133 52 #SUP: 2
6 133 52 2 #SUP: 2
6 133 52 #SUP: 2
2 133 #SUP: 2
6 133 2 #SUP: 2
6 133 #SUP: 2
135  #SUP: 2
136 135 #SUP: 2
53 135 136 #SUP: 2
87 135 136 53 #SUP: 2
66 135 136 53 87 #SUP: 2
68 135 136 53 87 66 #SUP: 2
52 135 136 53 87 66 68 #SUP: 2
2 135 136 53 87 66 68 52 #SUP: 2
6 135 136 53 87 66 68 52 2 #SUP: 2
6 135 136 53 87 66 68 52 #SUP: 2
2 135 136 53 87 66 68 #SUP: 2
6 135 136 53 87 66 68 2 #SUP: 2
6 135 136 53 87 66 68 #SUP: 2
52 135 136 53 87 66 #SUP: 2
2 135 136 53 87 66 52 #SUP: 2
6 135 136 53 87 66 52 2 #SUP: 2
6 135 136 53 87 66 52 #SUP: 2
2 135 136 53 87 66 #SUP: 2
6 135 136 53 87 66 2 #SUP: 2
6 135 136 53 87 66 #SUP: 2
68 135 136 53 87 #SUP: 2
52 135 136 53 87 68 #SUP: 2
2 135 136 53 87 68 52 #SUP: 2
6 135 136 53 87 68 52 2 #SUP: 2
6 135 136 53 87 68 52 #SUP: 2
2 135 136 53 87 68 #SUP: 2
6 135 136 53 87 68 2 #SUP: 2
6 135 136 53 87 68 #SUP: 2
52 135 136 53 87 #SUP: 2
2 135 136 53 87 52 #SUP: 2
6 135 136 53 87 52 2 #SUP: 2
6 135 136 53 87 52 #SUP: 2
2 135 136 53 87 #SUP: 2
6 135 136 53 87 2 #SUP: 2
6 135 136 53 87 #SUP: 2
66 135 136 53 #SUP: 2
68 135 136 53 66 #SUP: 2
52 135 136 53 66 68 #SUP: 2
2 135 136 53 66 68 52 #SUP: 2
6 135 136 53 66 68 52 2 #SUP: 2
6 135 136 53 66 68 52 #SUP: 2
2 135 136 53 66 68 #SUP: 2
6 135 136 53 66 68 2 #SUP: 2
6 135 136 53 66 68 #SUP: 2
52 135 136 53 66 #SUP: 2
2 135 136 53 66 52 #SUP: 2
6 135 136 53 66 52 2 #SUP: 2
6 135 136 53 66 52 #SUP: 2
2 135 136 53 66 #SUP: 2
6 135 136 53 66 2 #SUP: 2
6 135 136 53 66 #SUP: 2
68 135 136 53 #SUP: 2
52 135 136 53 68 #SUP: 2
2 135 136 53 68 52 #SUP: 2
6 135 136 53 68 52 2 #SUP: 2
6 135 136 53 68 52 #SUP: 2
2 135 136 53 68 #SUP: 2
6 135 136 53 68 2 #SUP: 2
6 135 136 53 68 #SUP: 2
52 135 136 53 #SUP: 2
2 135 136 53 52 #SUP: 2
6 135 136 53 52 2 #SUP: 2
6 135 136 53 52 #SUP: 2
2 135 136 53 #SUP: 2
6 135 136 53 2 #SUP: 2
6 135 136 53 #SUP: 2
87 135 136 #SUP: 2
66 135 136 87 #SUP: 2
68 135 136 87 66 #SUP: 2
52 135 136 87 66 68 #SUP: 2
2 135 136 87 66 68 52 #SUP: 2
6 135 136 87 66 68 52 2 #SUP: 2
6 135 136 87 66 68 52 #SUP: 2
2 135 136 87 66 68 #SUP: 2
6 135 136 87 66 68 2 #SUP: 2
6 135 136 87 66 68 #SUP: 2
52 135 136 87 66 #SUP: 2
2 135 136 87 66 52 #SUP: 2
6 135 136 87 66 52 2 #SUP: 2
6 135 136 87 66 52 #SUP: 2
2 135 136 87 66 #SUP: 2
6 135 136 87 66 2 #SUP: 2
6 135 136 87 66 #SUP: 2
68 135 136 87 #SUP: 2
52 135 136 87 68 #SUP: 2
2 135 136 87 68 52 #SUP: 2
6 135 136 87 68 52 2 #SUP: 2
6 135 136 87 68 52 #SUP: 2
2 135 136 87 68 #SUP: 2
6 135 136 87 68 2 #SUP: 2
6 135 136 87 68 #SUP: 2
52 135 136 87 #SUP: 2
2 135 136 87 52 #SUP: 2
6 135 136 87 52 2 #SUP: 2
6 135 136 87 52 #SUP: 2
2 135 136 87 #SUP: 2
6 135 136 87 2 #SUP: 2
6 135 136 87 #SUP: 2
66 135 136 #SUP: 2
68 135 136 66 #SUP: 2
52 135 136 66 68 #SUP: 2
2 135 136 66 68 52 #SUP: 2
6 135 136 66 68 52 2 #SUP: 2
6 135 136 66 68 52 #SUP: 2
2 135 136 66 68 #SUP: 2
6 135 136 66 68 2 #SUP: 2
6 135 136 66 68 #SUP: 2
52 135 136 66 #SUP: 2
2 135 136 66 52 #SUP: 2
6 135 136 66 52 2 #SUP: 2
6 135 136 66 52 #SUP: 2
2 135 136 66 #SUP: 2
6 135 136 66 2 #SUP: 2
6 135 136 66 #SUP: 2
68 135 136 #SUP: 2
52 135 136 68 #SUP: 2
2 135 136 68 52 #SUP: 2
6 135 136 68 52 2 #SUP: 2
6 135 136 68 52 #SUP: 2
2 135 136 68 #SUP: 2
6 135 136 68 2 #SUP: 2
6 135 136 68 #SUP: 2
52 135 136 #SUP: 2
2 135 136 52 #SUP: 2
6 135 136 52 2 #SUP: 2
6 135 136 52 #SUP: 2
2 135 136 #SUP: 2
6 135 136 2 #SUP: 2
6 135 136 #SUP: 2
53 135 #SUP: 2
87 135 53 #SUP: 2
66 135 53 87 #SUP: 2
68 135 53 87 66 #SUP: 2
52 135 53 87 66 68 #SUP: 2
2 135 53 87 66 68 52 #SUP: 2
6 135 53 87 66 68 52 2 #SUP: 2
6 135 53 87 66 68 52 #SUP: 2
2 135 53 87 66 68 #SUP: 2
6 135 53 87 66 68 2 #SUP: 2
6 135 53 87 66 68 #SUP: 2
52 135 53 87 66 #SUP: 2
2 135 53 87 66 52 #SUP: 2
6 135 53 87 66 52 2 #SUP: 2
6 135 53 87 66 52 #SUP: 2
2 135 53 87 66 #SUP: 2
6 135 53 87 66 2 #SUP: 2
6 135 53 87 66 #SUP: 2
68 135 53 87 #SUP: 2
52 135 53 87 68 #SUP: 2
2 135 53 87 68 52 #SUP: 2
6 135 53 87 68 52 2 #SUP: 2
6 135 53 87 68 52 #SUP: 2
2 135 53 87 68 #SUP: 2
6 135 53 87 68 2 #SUP: 2
6 135 53 87 68 #SUP: 2
52 135 53 87 #SUP: 2
2 135 53 87 52 #SUP: 2
6 135 53 87 52 2 #SUP: 2
6 135 53 87 52 #SUP: 2
2 135 53 87 #SUP: 2
6 135 53 87 2 #SUP: 2
6 135 53 87 #SUP: 2
66 135 53 #SUP: 2
68 135 53 66 #SUP: 2
52 135 53 66 68 #SUP: 2
2 135 53 66 68 52 #SUP: 2
6 135 53 66 68 52 2 #SUP: 2
6 135 53 66 68 52 #SUP: 2
2 135 53 66 68 #SUP: 2
6 135 53 66 68 2 #SUP: 2
6 135 53 66 68 #SUP: 2
52 135 53 66 #SUP: 2
2 135 53 66 52 #SUP: 2
6 135 53 66 52 2 #SUP: 2
6 135 53 66 52 #SUP: 2
2 135 53 66 #SUP: 2
6 135 53 66 2 #SUP: 2
6 135 53 66 #SUP: 2
68 135 53 #SUP: 2
52 135 53 68 #SUP: 2
2 135 53 68 52 #SUP: 2
6 135 53 68 52 2 #SUP: 2
6 135 53 68 52 #SUP: 2
2 135 53 68 #SUP: 2
6 135 53 68 2 #SUP: 2
6 135 53 68 #SUP: 2
52 135 53 #SUP: 2
2 135 53 52 #SUP: 2
6 135 53 52 2 #SUP: 2
6 135 53 52 #SUP: 2
2 135 53 #SUP: 2
6 135 53 2 #SUP: 2
6 135 53 #SUP: 2
87 135 #SUP: 2
66 135 87 #SUP: 2
68 135 87 66 #SUP: 2
52 135 87 66 68 #SUP: 2
2 135 87 66 68 52 #SUP: 2
6 135 87 66 68 52 2 #SUP: 2
6 135 87 66 68 52 #SUP: 2
2 135 87 66 68 #SUP: 2
6 135 87 66 68 2 #SUP: 2
6 135 87 66 68 #SUP: 2
52 135 87 66 #SUP: 2
2 135 87 66 52 #SUP: 2
6 135 87 66 52 2 #SUP: 2
6 135 87 66 52 #SUP: 2
2 135 87 66 #SUP: 2
6 135 87 66 2 #SUP: 2
6 135 87 66 #SUP: 2
68 135 87 #SUP: 2
52 135 87 68 #SUP: 2
2 135 87 68 52 #SUP: 2
6 135 87 68 52 2 #SUP: 2
6 135 87 68 52 #SUP: 2
2 135 87 68 #SUP: 2
6 135 87 68 2 #SUP: 2
6 135 87 68 #SUP: 2
52 135 87 #SUP: 2
2 135 87 52 #SUP: 2
6 135 87 52 2 #SUP: 2
6 135 87 52 #SUP: 2
2 135 87 #SUP: 2
6 135 87 2 #SUP: 2
6 135 87 #SUP: 2
66 135 #SUP: 2
68 135 66 #SUP: 2
52 135 66 68 #SUP: 2
2 135 66 68 52 #SUP: 2
6 135 66 68 52 2 #SUP: 2
6 135 66 68 52 #SUP: 2
2 135 66 68 #SUP: 2
6 135 66 68 2 #SUP: 2
6 135 66 68 #SUP: 2
52 135 66 #SUP: 2
2 135 66 52 #SUP: 2
6 135 66 52 2 #SUP: 2
6 135 66 52 #SUP: 2
2 135 66 #SUP: 2
6 135 66 2 #SUP: 2
6 135 66 #SUP: 2
68 135 #SUP: 2
52 135 68 #SUP: 2
2 135 68 52 #SUP: 2
6 135 68 52 2 #SUP: 2
6 135 68 52 #SUP: 2
2 135 68 #SUP: 2
6 135 68 2 #SUP: 2
6 135 68 #SUP: 2
52 135 #SUP: 2
2 135 52 #SUP: 2
6 135 52 2 #SUP: 2
6 135 52 #SUP: 2
2 135 #SUP: 2
6 135 2 #SUP: 2
6 135 #SUP: 2
136  #SUP: 2
53 136 #SUP: 2
87 136 53 #SUP: 2
66 136 53 87 #SUP: 2
68 136 53 87 66 #SUP: 2
52 136 53 87 66 68 #SUP: 2
2 136 53 87 66 68 52 #SUP: 2
6 136 53 87 66 68 52 2 #SUP: 2
6 136 53 87 66 68 52 #SUP: 2
2 136 53 87 66 68 #SUP: 2
6 136 53 87 66 68 2 #SUP: 2
6 136 53 87 66 68 #SUP: 2
52 136 53 87 66 #SUP: 2
2 136 53 87 66 52 #SUP: 2
6 136 53 87 66 52 2 #SUP: 2
6 136 53 87 66 52 #SUP: 2
2 136 53 87 66 #SUP: 2
6 136 53 87 66 2 #SUP: 2
6 136 53 87 66 #SUP: 2
68 136 53 87 #SUP: 2
52 136 53 87 68 #SUP: 2
2 136 53 87 68 52 #SUP: 2
6 136 53 87 68 52 2 #SUP: 2
6 136 53 87 68 52 #SUP: 2
2 136 53 87 68 #SUP: 2
6 136 53 87 68 2 #SUP: 2
6 136 53 87 68 #SUP: 2
52 136 53 87 #SUP: 2
2 136 53 87 52 #SUP: 2
6 136 53 87 52 2 #SUP: 2
6 136 53 87 52 #SUP: 2
2 136 53 87 #SUP: 2
6 136 53 87 2 #SUP: 2
6 136 53 87 #SUP: 2
66 136 53 #SUP: 2
68 136 53 66 #SUP: 2
52 136 53 66 68 #SUP: 2
2 136 53 66 68 52 #SUP: 2
6 136 53 66 68 52 2 #SUP: 2
6 136 53 66 68 52 #SUP: 2
2 136 53 66 68 #SUP: 2
6 136 53 66 68 2 #SUP: 2
6 136 53 66 68 #SUP: 2
52 136 53 66 #SUP: 2
2 136 53 66 52 #SUP: 2
6 136 53 66 52 2 #SUP: 2
6 136 53 66 52 #SUP: 2
2 136 53 66 #SUP: 2
6 136 53 66 2 #SUP: 2
6 136 53 66 #SUP: 2
68 136 53 #SUP: 2
52 136 53 68 #SUP: 2
2 136 53 68 52 #SUP: 2
6 136 53 68 52 2 #SUP: 2
6 136 53 68 52 #SUP: 2
2 136 53 68 #SUP: 2
6 136 53 68 2 #SUP: 2
6 136 53 68 #SUP: 2
52 136 53 #SUP: 2
2 136 53 52 #SUP: 2
6 136 53 52 2 #SUP: 2
6 136 53 52 #SUP: 2
2 136 53 #SUP: 2
6 136 53 2 #SUP: 2
6 136 53 #SUP: 2
87 136 #SUP: 2
66 136 87 #SUP: 2
68 136 87 66 #SUP: 2
52 136 87 66 68 #SUP: 2
2 136 87 66 68 52 #SUP: 2
6 136 87 66 68 52 2 #SUP: 2
6 136 87 66 68 52 #SUP: 2
2 136 87 66 68 #SUP: 2
6 136 87 66 68 2 #SUP: 2
6 136 87 66 68 #SUP: 2
52 136 87 66 #SUP: 2
2 136 87 66 52 #SUP: 2
6 136 87 66 52 2 #SUP: 2
6 136 87 66 52 #SUP: 2
2 136 87 66 #SUP: 2
6 136 87 66 2 #SUP: 2
6 136 87 66 #SUP: 2
68 136 87 #SUP: 2
52 136 87 68 #SUP: 2
2 136 87 68 52 #SUP: 2
6 136 87 68 52 2 #SUP: 2
6 136 87 68 52 #SUP: 2
2 136 87 68 #SUP: 2
6 136 87 68 2 #SUP: 2
6 136 87 68 #SUP: 2
52 136 87 #SUP: 2
2 136 87 52 #SUP: 2
6 136 87 52 2 #SUP: 2
6 136 87 52 #SUP: 2
2 136 87 #SUP: 2
6 136 87 2 #SUP: 2
6 136 87 #SUP: 2
66 136 #SUP: 2
68 136 66 #SUP: 2
52 136 66 68 #SUP: 2
2 136 66 68 52 #SUP: 2
6 136 66 68 52 2 #SUP: 2
6 136 66 68 52 #SUP: 2
2 136 66 68 #SUP: 2
6 136 66 68 2 #SUP: 2
6 136 66 68 #SUP: 2
52 136 66 #SUP: 2
2 136 66 52 #SUP: 2
6 136 66 52 2 #SUP: 2
6 136 66 52 #SUP: 2
2 136 66 #SUP: 2
6 136 66 2 #SUP: 2
6 136 66 #SUP: 2
68 136 #SUP: 2
52 136 68 #SUP: 2
2 136 68 52 #SUP: 2
6 136 68 52 2 #SUP: 2
6 136 68 52 #SUP: 2
2 136 68 #SUP: 2
6 136 68 2 #SUP: 2
6 136 68 #SUP: 2
52 136 #SUP: 2
2 136 52 #SUP: 2
6 136 52 2 #SUP: 2
6 136 52 #SUP: 2
2 136 #SUP: 2
6 136 2 #SUP: 2
6 136 #SUP: 2
3  #SUP: 3
15  #SUP: 3
21  #SUP: 3
65 21 #SUP: 2
53  #SUP: 3
102 53 #SUP: 2
6 53 102 #SUP: 2
87 53 #SUP: 2
66 53 87 #SUP: 2
68 53 87 66 #SUP: 2
52 53 87 66 68 #SUP: 2
2 53 87 66 68 52 #SUP: 2
6 53 87 66 68 52 2 #SUP: 2
6 53 87 66 68 52 #SUP: 2
2 53 87 66 68 #SUP: 2
6 53 87 66 68 2 #SUP: 2
6 53 87 66 68 #SUP: 2
52 53 87 66 #SUP: 2
2 53 87 66 52 #SUP: 2
6 53 87 66 52 2 #SUP: 2
6 53 87 66 52 #SUP: 2
2 53 87 66 #SUP: 2
6 53 87 66 2 #SUP: 2
6 53 87 66 #SUP: 2
68 53 87 #SUP: 2
52 53 87 68 #SUP: 2
2 53 87 68 52 #SUP: 2
6 53 87 68 52 2 #SUP: 2
6 53 87 68 52 #SUP: 2
2 53 87 68 #SUP: 2
6 53 87 68 2 #SUP: 2
6 53 87 68 #SUP: 2
52 53 87 #SUP: 2
2 53 87 52 #SUP: 2
6 53 87 52 2 #SUP: 2
6 53 87 52 #SUP: 2
2 53 87 #SUP: 2
6 53 87 2 #SUP: 2
6 53 87 #SUP: 2
66 53 #SUP: 2
68 53 66 #SUP: 2
52 53 66 68 #SUP: 2
2 53 66 68 52 #SUP: 2
6 53 66 68 52 2 #SUP: 2
6 53 66 68 52 #SUP: 2
2 53 66 68 #SUP: 2
6 53 66 68 2 #SUP: 2
6 53 66 68 #SUP: 2
52 53 66 #SUP: 2
2 53 66 52 #SUP: 2
6 53 66 52 2 #SUP: 2
6 53 66 52 #SUP: 2
2 53 66 #SUP: 2
6 53 66 2 #SUP: 2
6 53 66 #SUP: 2
68 53 #SUP: 2
52 53 68 #SUP: 2
2 53 68 52 #SUP: 2
6 53 68 52 2 #SUP: 2
6 53 68 52 #SUP: 2
2 53 68 #SUP: 2
6 53 68 2 #SUP: 2
6 53 68 #SUP: 2
52 53 #SUP: 2
2 53 52 #SUP: 2
6 53 52 2 #SUP: 2
6 53 52 #SUP: 2
2 53 #SUP: 2
6 53 2 #SUP: 2
6 53 #SUP: 3
67  #SUP: 3
65 67 #SUP: 3
87 67 65 #SUP: 2
89 67 65 87 #SUP: 2
66 67 65 87 89 #SUP: 2
68 67 65 87 89 66 #SUP: 2
52 67 65 87 89 66 68 #SUP: 2
2 67 65 87 89 66 68 52 #SUP: 2
2 67 65 87 89 66 68 #SUP: 2
52 67 65 87 89 66 #SUP: 2
2 67 65 87 89 66 52 #SUP: 2
2 67 65 87 89 66 #SUP: 2
68 67 65 87 89 #SUP: 2
52 67 65 87 89 68 #SUP: 2
2 67 65 87 89 68 52 #SUP: 2
2 67 65 87 89 68 #SUP: 2
52 67 65 87 89 #SUP: 2
2 67 65 87 89 52 #SUP: 2
2 67 65 87 89 #SUP: 2
66 67 65 87 #SUP: 2
68 67 65 87 66 #SUP: 2
52 67 65 87 66 68 #SUP: 2
2 67 65 87 66 68 52 #SUP: 2
2 67 65 87 66 68 #SUP: 2
52 67 65 87 66 #SUP: 2
2 67 65 87 66 52 #SUP: 2
2 67 65 87 66 #SUP: 2
68 67 65 87 #SUP: 2
52 67 65 87 68 #SUP: 2
2 67 65 87 68 52 #SUP: 2
2 67 65 87 68 #SUP: 2
52 67 65 87 #SUP: 2
2 67 65 87 52 #SUP: 2
2 67 65 87 #SUP: 2
89 67 65 #SUP: 2
66 67 65 89 #SUP: 2
68 67 65 89 66 #SUP: 2
52 67 65 89 66 68 #SUP: 2
2 67 65 89 66 68 52 #SUP: 2
2 67 65 89 66 68 #SUP: 2
52 67 65 89 66 #SUP: 2
2 67 65 89 66 52 #SUP: 2
2 67 65 89 66 #SUP: 2
68 67 65 89 #SUP: 2
52 67 65 89 68 #SUP: 2
2 67 65 89 68 52 #SUP: 2
2 67 65 89 68 #SUP: 2
52 67 65 89 #SUP: 2
2 67 65 89 52 #SUP: 2
2 67 65 89 #SUP: 2
66 67 65 #SUP: 3
68 67 65 66 #SUP: 3
52 67 65 66 68 #SUP: 2
2 67 65 66 68 52 #SUP: 2
2 67 65 66 68 #SUP: 2
52 67 65 66 #SUP: 2
2 67 65 66 52 #SUP: 2
2 67 65 66 #SUP: 2
68 67 65 #SUP: 3
52 67 65 68 #SUP: 2
2 67 65 68 52 #SUP: 2
2 67 65 68 #SUP: 2
52 67 65 #SUP: 2
2 67 65 52 #SUP: 2
2 67 65 #SUP: 2
87 67 #SUP: 2
89 67 87 #SUP: 2
66 67 87 89 #SUP: 2
68 67 87 89 66 #SUP: 2
52 67 87 89 66 68 #SUP: 2
2 67 87 89 66 68 52 #SUP: 2
2 67 87 89 66 68 #SUP: 2
52 67 87 89 66 #SUP: 2
2 67 87 89 66 52 #SUP: 2
2 67 87 89 66 #SUP: 2
68 67 87 89 #SUP: 2
52 67 87 89 68 #SUP: 2
2 67 87 89 68 52 #SUP: 2
2 67 87 89 68 #SUP: 2
52 67 87 89 #SUP: 2
2 67 87 89 52 #SUP: 2
2 67 87 89 #SUP: 2
66 67 87 #SUP: 2
68 67 87 66 #SUP: 2
52 67 87 66 68 #SUP: 2
2 67 87 66 68 52 #SUP: 2
2 67 87 66 68 #SUP: 2
52 67 87 66 #SUP: 2
2 67 87 66 52 #SUP: 2
2 67 87 66 #SUP: 2
68 67 87 #SUP: 2
52 67 87 68 #SUP: 2
2 67 87 68 52 #SUP: 2
2 67 87 68 #SUP: 2
52 67 87 #SUP: 2
2 67 87 52 #SUP: 2
2 67 87 #SUP: 2
89 67 #SUP: 2
66 67 89 #SUP: 2
68 67 89 66 #SUP: 2
52 67 89 66 68 #SUP: 2
2 67 89 66 68 52 #SUP: 2
2 67 89 66 68 #SUP: 2
52 67 89 66 #SUP: 2
2 67 89 66 52 #SUP: 2
2 67 89 66 #SUP: 2
68 67 89 #SUP: 2
52 67 89 68 #SUP: 2
2 67 89 68 52 #SUP: 2
2 67 89 68 #SUP: 2
52 67 89 #SUP: 2
2 67 89 52 #SUP: 2
2 67 89 #SUP: 2
66 67 #SUP: 3
68 67 66 #SUP: 3
52 67 66 68 #SUP: 2
2 67 66 68 52 #SUP: 2
2 67 66 68 #SUP: 2
52 67 66 #SUP: 2
2 67 66 52 #SUP: 2
2 67 66 #SUP: 2
68 67 #SUP: 3
52 67 68 #SUP: 2
2 67 68 52 #SUP: 2
2 67 68 #SUP: 2
52 67 #SUP: 2
2 67 52 #SUP: 2
2 67 #SUP: 2
102  #SUP: 3
52 102 #SUP: 2
2 102 52 #SUP: 2
6 102 52 2 #SUP: 2
6 102 52 #SUP: 2
2 102 #SUP: 2
6 102 2 #SUP: 2
6 102 #SUP: 3
104  #SUP: 3
11  #SUP: 4
87 11 #SUP: 2
66 11 87 #SUP: 2
68 11 87 66 #SUP: 2
52 11 87 66 68 #SUP: 2
2 11 87 66 68 52 #SUP: 2
2 11 87 66 68 #SUP: 2
52 11 87 66 #SUP: 2
2 11 87 66 52 #SUP: 2
2 11 87 66 #SUP: 2
68 11 87 #SUP: 2
52 11 87 68 #SUP: 2
2 11 87 68 52 #SUP: 2
2 11 87 68 #SUP: 2
52 11 87 #SUP: 2
2 11 87 52 #SUP: 2
2 11 87 #SUP: 2
66 11 #SUP: 2
68 11 66 #SUP: 2
52 11 66 68 #SUP: 2
2 11 66 68 52 #SUP: 2
2 11 66 68 #SUP: 2
52 11 66 #SUP: 2
2 11 66 52 #SUP: 2
2 11 66 #SUP: 2
68 11 #SUP: 2
52 11 68 #SUP: 2
2 11 68 52 #SUP: 2
2 11 68 #SUP: 2
52 11 #SUP: 2
2 11 52 #SUP: 2
2 11 #SUP: 2
65  #SUP: 4
87 65 #SUP: 2
89 65 87 #SUP: 2
66 65 87 89 #SUP: 2
68 65 87 89 66 #SUP: 2
52 65 87 89 66 68 #SUP: 2
2 65 87 89 66 68 52 #SUP: 2
2 65 87 89 66 68 #SUP: 2
52 65 87 89 66 #SUP: 2
2 65 87 89 66 52 #SUP: 2
2 65 87 89 66 #SUP: 2
68 65 87 89 #SUP: 2
52 65 87 89 68 #SUP: 2
2 65 87 89 68 52 #SUP: 2
2 65 87 89 68 #SUP: 2
52 65 87 89 #SUP: 2
2 65 87 89 52 #SUP: 2
2 65 87 89 #SUP: 2
66 65 87 #SUP: 2
68 65 87 66 #SUP: 2
52 65 87 66 68 #SUP: 2
2 65 87 66 68 52 #SUP: 2
2 65 87 66 68 #SUP: 2
52 65 87 66 #SUP: 2
2 65 87 66 52 #SUP: 2
2 65 87 66 #SUP: 2
68 65 87 #SUP: 2
52 65 87 68 #SUP: 2
2 65 87 68 52 #SUP: 2
2 65 87 68 #SUP: 2
52 65 87 #SUP: 2
2 65 87 52 #SUP: 2
2 65 87 #SUP: 2
89 65 #SUP: 2
66 65 89 #SUP: 2
68 65 89 66 #SUP: 2
52 65 89 66 68 #SUP: 2
2 65 89 66 68 52 #SUP: 2
2 65 89 66 68 #SUP: 2
52 65 89 66 #SUP: 2
2 65 89 66 52 #SUP: 2
2 65 89 66 #SUP: 2
68 65 89 #SUP: 2
52 65 89 68 #SUP: 2
2 65 89 68 52 #SUP: 2
2 65 89 68 #SUP: 2
52 65 89 #SUP: 2
2 65 89 52 #SUP: 2
2 65 89 #SUP: 2
66 65 #SUP: 3
68 65 66 #SUP: 3
52 65 66 68 #SUP: 2
2 65 66 68 52 #SUP: 2
2 65 66 68 #SUP: 2
52 65 66 #SUP: 2
2 65 66 52 #SUP: 2
2 65 66 #SUP: 2
68 65 #SUP: 3
52 65 68 #SUP: 2
2 65 68 52 #SUP: 2
2 65 68 #SUP: 2
52 65 #SUP: 2
2 65 52 #SUP: 2
2 65 #SUP: 2
87  #SUP: 4
89 87 #SUP: 2
66 87 89 #SUP: 2
68 87 89 66 #SUP: 2
52 87 89 66 68 #SUP: 2
2 87 89 66 68 52 #SUP: 2
2 87 89 66 68 #SUP: 2
52 87 89 66 #SUP: 2
2 87 89 66 52 #SUP: 2
2 87 89 66 #SUP: 2
68 87 89 #SUP: 2
52 87 89 68 #SUP: 2
2 87 89 68 52 #SUP: 2
2 87 89 68 #SUP: 2
52 87 89 #SUP: 2
2 87 89 52 #SUP: 2
2 87 89 #SUP: 2
66 87 #SUP: 3
68 87 66 #SUP: 3
52 87 66 68 #SUP: 3
2 87 66 68 52 #SUP: 3
6 87 66 68 52 2 #SUP: 2
6 87 66 68 52 #SUP: 2
2 87 66 68 #SUP: 3
6 87 66 68 2 #SUP: 2
6 87 66 68 #SUP: 2
52 87 66 #SUP: 3
2 87 66 52 #SUP: 3
6 87 66 52 2 #SUP: 2
6 87 66 52 #SUP: 2
2 87 66 #SUP: 3
6 87 66 2 #SUP: 2
6 87 66 #SUP: 2
68 87 #SUP: 3
52 87 68 #SUP: 3
2 87 68 52 #SUP: 3
6 87 68 52 2 #SUP: 2
6 87 68 52 #SUP: 2
2 87 68 #SUP: 3
6 87 68 2 #SUP: 2
6 87 68 #SUP: 2
52 87 #SUP: 3
2 87 52 #SUP: 3
6 87 52 2 #SUP: 2
6 87 52 #SUP: 2
2 87 #SUP: 3
6 87 2 #SUP: 2
6 87 #SUP: 2
89  #SUP: 4
66 89 #SUP: 3
68 89 66 #SUP: 3
52 89 66 68 #SUP: 2
2 89 66 68 52 #SUP: 2
2 89 66 68 #SUP: 3
6 89 66 68 2 #SUP: 2
6 89 66 68 #SUP: 2
52 89 66 #SUP: 2
2 89 66 52 #SUP: 2
2 89 66 #SUP: 3
6 89 66 2 #SUP: 2
6 89 66 #SUP: 2
68 89 #SUP: 3
52 89 68 #SUP: 2
2 89 68 52 #SUP: 2
2 89 68 #SUP: 3
6 89 68 2 #SUP: 2
6 89 68 #SUP: 2
52 89 #SUP: 3
2 89 52 #SUP: 2
2 89 #SUP: 3
6 89 2 #SUP: 2
6 89 #SUP: 2
60  #SUP: 5
178 60 #SUP: 2
66  #SUP: 5
68 66 #SUP: 5
52 66 68 #SUP: 3
2 66 68 52 #SUP: 3
6 66 68 52 2 #SUP: 2
6 66 68 52 #SUP: 2
2 66 68 #SUP: 4
6 66 68 2 #SUP: 3
6 66 68 #SUP: 3
52 66 #SUP: 3
2 66 52 #SUP: 3
6 66 52 2 #SUP: 2
6 66 52 #SUP: 2
2 66 #SUP: 4
6 66 2 #SUP: 3
6 66 #SUP: 3
68  #SUP: 5
52 68 #SUP: 3
2 68 52 #SUP: 3
6 68 52 2 #SUP: 2
6 68 52 #SUP: 2
2 68 #SUP: 4
6 68 2 #SUP: 3
6 68 #SUP: 3
178  #SUP: 5
52  #SUP: 6
2 52 #SUP: 4
6 52 2 #SUP: 3
6 52 #SUP: 3
2  #SUP: 7
6 2 #SUP: 4
6  #SUP: 7
