20  #SUP: 2
6 20 #SUP: 2
21  #SUP: 2
44  #SUP: 2
46 44 #SUP: 2
47  #SUP: 2
53 47 #SUP: 2
52 47 53 #SUP: 2
6 47 53 52 #SUP: 2
6 47 53 #SUP: 2
52 47 #SUP: 2
6 47 52 #SUP: 2
6 47 #SUP: 2
57  #SUP: 2
6 57 #SUP: 2
66  #SUP: 2
65 66 #SUP: 2
68 66 65 #SUP: 2
68 66 #SUP: 2
67  #SUP: 2
54 67 #SUP: 2
80  #SUP: 2
85  #SUP: 2
65 85 #SUP: 2
68 85 65 #SUP: 2
51 85 65 68 #SUP: 2
52 85 65 68 51 #SUP: 2
6 85 65 68 51 52 #SUP: 2
6 85 65 68 51 #SUP: 2
52 85 65 68 #SUP: 2
6 85 65 68 52 #SUP: 2
6 85 65 68 #SUP: 2
51 85 65 #SUP: 2
52 85 65 51 #SUP: 2
6 85 65 51 52 #SUP: 2
6 85 65 51 #SUP: 2
52 85 65 #SUP: 2
6 85 65 52 #SUP: 2
6 85 65 #SUP: 2
68 85 #SUP: 2
51 85 68 #SUP: 2
52 85 68 51 #SUP: 2
6 85 68 51 52 #SUP: 2
6 85 68 51 #SUP: 2
52 85 68 #SUP: 2
6 85 68 52 #SUP: 2
6 85 68 #SUP: 2
51 85 #SUP: 2
52 85 51 #SUP: 2
6 85 51 52 #SUP: 2
6 85 51 #SUP: 2
52 85 #SUP: 2
6 85 52 #SUP: 2
6 85 #SUP: 2
95  #SUP: 2
100  #SUP: 2
101  #SUP: 2
81 101 #SUP: 2
52 101 81 #SUP: 2
6 101 81 52 #SUP: 2
6 101 81 #SUP: 2
52 101 #SUP: 2
6 101 52 #SUP: 2
6 101 #SUP: 2
106  #SUP: 2
102 106 #SUP: 2
53 106 102 #SUP: 2
6 106 102 53 #SUP: 2
6 106 102 #SUP: 2
53 106 #SUP: 2
6 106 53 #SUP: 2
6 106 #SUP: 2
157  #SUP: 2
50  #SUP: 3
15 50 #SUP: 2
46 50 15 #SUP: 2
51 50 15 46 #SUP: 2
52 50 15 46 51 #SUP: 2
6 50 15 46 51 52 #SUP: 2
6 50 15 46 51 #SUP: 2
52 50 15 46 #SUP: 2
6 50 15 46 52 #SUP: 2
6 50 15 46 #SUP: 2
51 50 15 #SUP: 2
52 50 15 51 #SUP: 2
6 50 15 51 52 #SUP: 2
6 50 15 51 #SUP: 2
52 50 15 #SUP: 2
6 50 15 52 #SUP: 2
6 50 15 #SUP: 2
46 50 #SUP: 3
51 50 46 #SUP: 3
54 50 46 51 #SUP: 2
52 50 46 51 54 #SUP: 2
6 50 46 51 54 52 #SUP: 2
6 50 46 51 54 #SUP: 2
52 50 46 51 #SUP: 3
6 50 46 51 52 #SUP: 3
6 50 46 51 #SUP: 3
54 50 46 #SUP: 2
52 50 46 54 #SUP: 2
6 50 46 54 52 #SUP: 2
6 50 46 54 #SUP: 2
52 50 46 #SUP: 3
6 50 46 52 #SUP: 3
6 50 46 #SUP: 3
51 50 #SUP: 3
54 50 51 #SUP: 2
52 50 51 54 #SUP: 2
6 50 51 54 52 #SUP: 2
6 50 51 54 #SUP: 2
52 50 51 #SUP: 3
6 50 51 52 #SUP: 3
6 50 51 #SUP: 3
54 50 #SUP: 2
52 50 54 #SUP: 2
6 50 54 52 #SUP: 2
6 50 54 #SUP: 2
52 50 #SUP: 3
6 50 52 #SUP: 3
6 50 #SUP: 3
64  #SUP: 3
65 64 #SUP: 2
68 64 65 #SUP: 2
54 64 65 68 #SUP: 2
54 64 65 #SUP: 2
68 64 #SUP: 2
54 64 68 #SUP: 2
54 64 #SUP: 2
81 64 #SUP: 2
6 64 81 #SUP: 2
6 64 #SUP: 2
65  #SUP: 3
68 65 #SUP: 3
51 65 68 #SUP: 2
52 65 68 51 #SUP: 2
6 65 68 51 52 #SUP: 2
6 65 68 51 #SUP: 2
54 65 68 #SUP: 2
52 65 68 #SUP: 2
6 65 68 52 #SUP: 2
6 65 68 #SUP: 2
51 65 #SUP: 2
52 65 51 #SUP: 2
6 65 51 52 #SUP: 2
6 65 51 #SUP: 2
54 65 #SUP: 2
52 65 #SUP: 2
6 65 52 #SUP: 2
6 65 #SUP: 2
68  #SUP: 3
51 68 #SUP: 2
52 68 51 #SUP: 2
6 68 51 52 #SUP: 2
6 68 51 #SUP: 2
54 68 #SUP: 2
52 68 #SUP: 2
6 68 52 #SUP: 2
6 68 #SUP: 2
87  #SUP: 3
97 87 #SUP: 2
52 87 #SUP: 2
6 87 52 #SUP: 2
6 87 #SUP: 2
97  #SUP: 3
15 97 #SUP: 2
46 97 15 #SUP: 2
46 97 #SUP: 2
102  #SUP: 3
53 102 #SUP: 3
52 102 53 #SUP: 2
6 102 53 52 #SUP: 2
6 102 53 #SUP: 3
52 102 #SUP: 2
6 102 52 #SUP: 2
6 102 #SUP: 3
178  #SUP: 3
15  #SUP: 4
46 15 #SUP: 3
51 15 46 #SUP: 2
52 15 46 51 #SUP: 2
6 15 46 51 52 #SUP: 2
6 15 46 51 #SUP: 2
52 15 46 #SUP: 2
6 15 46 52 #SUP: 2
6 15 46 #SUP: 2
51 15 #SUP: 2
52 15 51 #SUP: 2
6 15 51 52 #SUP: 2
6 15 51 #SUP: 2
52 15 #SUP: 2
6 15 52 #SUP: 2
6 15 #SUP: 3
46  #SUP: 4
51 46 #SUP: 3
54 46 51 #SUP: 2
52 46 51 54 #SUP: 2
6 46 51 54 52 #SUP: 2
6 46 51 54 #SUP: 2
52 46 51 #SUP: 3
6 46 51 52 #SUP: 3
6 46 51 #SUP: 3
54 46 #SUP: 2
52 46 54 #SUP: 2
6 46 54 52 #SUP: 2
6 46 54 #SUP: 2
52 46 #SUP: 3
6 46 52 #SUP: 3
6 46 #SUP: 3
51  #SUP: 4
54 51 #SUP: 3
81 51 54 #SUP: 2
52 51 54 81 #SUP: 2
6 51 54 81 52 #SUP: 2
6 51 54 81 #SUP: 2
52 51 54 #SUP: 3
6 51 54 52 #SUP: 3
6 51 54 #SUP: 3
81 51 #SUP: 2
52 51 81 #SUP: 2
6 51 81 52 #SUP: 2
6 51 81 #SUP: 2
52 51 #SUP: 4
6 51 52 #SUP: 4
6 51 #SUP: 4
54  #SUP: 4
81 54 #SUP: 2
52 54 81 #SUP: 2
6 54 81 52 #SUP: 2
6 54 81 #SUP: 2
52 54 #SUP: 3
6 54 52 #SUP: 3
6 54 #SUP: 3
81  #SUP: 5
53 81 #SUP: 2
52 81 53 #SUP: 2
6 81 53 52 #SUP: 2
6 81 53 #SUP: 2
52 81 #SUP: 4
6 81 52 #SUP: 4
6 81 #SUP: 5
53  #SUP: 6
52 53 #SUP: 5
6 53 52 #SUP: 5
6 53 #SUP: 6
52  #SUP: 8
6 52 #SUP: 8
6  #SUP: 12
