3  #SUP: 2
21  #SUP: 2
44  #SUP: 2
46 44 #SUP: 2
47  #SUP: 2
53 47 #SUP: 2
52 47 53 #SUP: 2
6 47 53 52 #SUP: 2
6 47 53 #SUP: 2
52 47 #SUP: 2
6 47 52 #SUP: 2
6 47 #SUP: 2
55  #SUP: 2
57  #SUP: 2
6 57 #SUP: 2
74  #SUP: 2
79 74 #SUP: 2
66 74 79 #SUP: 2
64 74 79 66 #SUP: 2
68 74 79 66 64 #SUP: 2
54 74 79 66 64 68 #SUP: 2
54 74 79 66 64 #SUP: 2
68 74 79 66 #SUP: 2
54 74 79 66 68 #SUP: 2
54 74 79 66 #SUP: 2
64 74 79 #SUP: 2
68 74 79 64 #SUP: 2
54 74 79 64 68 #SUP: 2
54 74 79 64 #SUP: 2
68 74 79 #SUP: 2
54 74 79 68 #SUP: 2
54 74 79 #SUP: 2
66 74 #SUP: 2
64 74 66 #SUP: 2
68 74 66 64 #SUP: 2
54 74 66 64 68 #SUP: 2
54 74 66 64 #SUP: 2
68 74 66 #SUP: 2
54 74 66 68 #SUP: 2
54 74 66 #SUP: 2
64 74 #SUP: 2
68 74 64 #SUP: 2
54 74 64 68 #SUP: 2
54 74 64 #SUP: 2
68 74 #SUP: 2
54 74 68 #SUP: 2
54 74 #SUP: 2
79  #SUP: 2
66 79 #SUP: 2
64 79 66 #SUP: 2
68 79 66 64 #SUP: 2
54 79 66 64 68 #SUP: 2
54 79 66 64 #SUP: 2
68 79 66 #SUP: 2
54 79 66 68 #SUP: 2
54 79 66 #SUP: 2
64 79 #SUP: 2
68 79 64 #SUP: 2
54 79 64 68 #SUP: 2
54 79 64 #SUP: 2
68 79 #SUP: 2
54 79 68 #SUP: 2
54 79 #SUP: 2
80  #SUP: 2
85  #SUP: 2
51 85 #SUP: 2
65 85 51 #SUP: 2
68 85 51 65 #SUP: 2
52 85 51 65 68 #SUP: 2
6 85 51 65 68 52 #SUP: 2
6 85 51 65 68 #SUP: 2
52 85 51 65 #SUP: 2
6 85 51 65 52 #SUP: 2
6 85 51 65 #SUP: 2
68 85 51 #SUP: 2
52 85 51 68 #SUP: 2
6 85 51 68 52 #SUP: 2
6 85 51 68 #SUP: 2
52 85 51 #SUP: 2
6 85 51 52 #SUP: 2
6 85 51 #SUP: 2
65 85 #SUP: 2
68 85 65 #SUP: 2
52 85 65 68 #SUP: 2
6 85 65 68 52 #SUP: 2
6 85 65 68 #SUP: 2
52 85 65 #SUP: 2
6 85 65 52 #SUP: 2
6 85 65 #SUP: 2
68 85 #SUP: 2
52 85 68 #SUP: 2
6 85 68 52 #SUP: 2
6 85 68 #SUP: 2
52 85 #SUP: 2
6 85 52 #SUP: 2
6 85 #SUP: 2
90  #SUP: 2
81 90 #SUP: 2
95  #SUP: 2
96  #SUP: 2
99  #SUP: 2
87 99 #SUP: 2
6 99 87 #SUP: 2
6 99 #SUP: 2
101  #SUP: 2
81 101 #SUP: 2
52 101 81 #SUP: 2
6 101 81 52 #SUP: 2
6 101 81 #SUP: 2
52 101 #SUP: 2
6 101 52 #SUP: 2
6 101 #SUP: 2
104  #SUP: 2
106  #SUP: 2
102 106 #SUP: 2
53 106 102 #SUP: 2
6 106 102 53 #SUP: 2
6 106 102 #SUP: 2
53 106 #SUP: 2
6 106 53 #SUP: 2
6 106 #SUP: 2
119  #SUP: 2
50 119 #SUP: 2
52 119 50 #SUP: 2
6 119 50 52 #SUP: 2
6 119 50 #SUP: 2
52 119 #SUP: 2
6 119 52 #SUP: 2
6 119 #SUP: 2
123  #SUP: 2
89 123 #SUP: 2
65 123 89 #SUP: 2
68 123 89 65 #SUP: 2
68 123 89 #SUP: 2
65 123 #SUP: 2
68 123 65 #SUP: 2
68 123 #SUP: 2
125  #SUP: 2
15 125 #SUP: 2
145  #SUP: 2
6 145 #SUP: 2
167  #SUP: 2
11  #SUP: 3
20 11 #SUP: 2
54 11 20 #SUP: 2
6 11 20 54 #SUP: 2
6 11 20 #SUP: 2
138 11 #SUP: 2
83 11 138 #SUP: 2
89 11 138 83 #SUP: 2
64 11 138 83 89 #SUP: 2
122 11 138 83 89 64 #SUP: 2
68 11 138 83 89 64 122 #SUP: 2
87 11 138 83 89 64 122 68 #SUP: 2
54 11 138 83 89 64 122 68 87 #SUP: 2
6 11 138 83 89 64 122 68 87 54 #SUP: 2
6 11 138 83 89 64 122 68 87 #SUP: 2
54 11 138 83 89 64 122 68 #SUP: 2
6 11 138 83 89 64 122 68 54 #SUP: 2
6 11 138 83 89 64 122 68 #SUP: 2
87 11 138 83 89 64 122 #SUP: 2
54 11 138 83 89 64 122 87 #SUP: 2
6 11 138 83 89 64 122 87 54 #SUP: 2
6 11 138 83 89 64 122 87 #SUP: 2
54 11 138 83 89 64 122 #SUP: 2
6 11 138 83 89 64 122 54 #SUP: 2
6 11 138 83 89 64 122 #SUP: 2
68 11 138 83 89 64 #SUP: 2
87 11 138 83 89 64 68 #SUP: 2
54 11 138 83 89 64 68 87 #SUP: 2
6 11 138 83 89 64 68 87 54 #SUP: 2
6 11 138 83 89 64 68 87 #SUP: 2
54 11 138 83 89 64 68 #SUP: 2
6 11 138 83 89 64 68 54 #SUP: 2
6 11 138 83 89 64 68 #SUP: 2
87 11 138 83 89 64 #SUP: 2
54 11 138 83 89 64 87 #SUP: 2
6 11 138 83 89 64 87 54 #SUP: 2
6 11 138 83 89 64 87 #SUP: 2
54 11 138 83 89 64 #SUP: 2
6 11 138 83 89 64 54 #SUP: 2
6 11 138 83 89 64 #SUP: 2
122 11 138 83 89 #SUP: 2
68 11 138 83 89 122 #SUP: 2
87 11 138 83 89 122 68 #SUP: 2
54 11 138 83 89 122 68 87 #SUP: 2
6 11 138 83 89 122 68 87 54 #SUP: 2
6 11 138 83 89 122 68 87 #SUP: 2
54 11 138 83 89 122 68 #SUP: 2
6 11 138 83 89 122 68 54 #SUP: 2
6 11 138 83 89 122 68 #SUP: 2
87 11 138 83 89 122 #SUP: 2
54 11 138 83 89 122 87 #SUP: 2
6 11 138 83 89 122 87 54 #SUP: 2
6 11 138 83 89 122 87 #SUP: 2
54 11 138 83 89 122 #SUP: 2
6 11 138 83 89 122 54 #SUP: 2
6 11 138 83 89 122 #SUP: 2
68 11 138 83 89 #SUP: 2
87 11 138 83 89 68 #SUP: 2
54 11 138 83 89 68 87 #SUP: 2
6 11 138 83 89 68 87 54 #SUP: 2
6 11 138 83 89 68 87 #SUP: 2
54 11 138 83 89 68 #SUP: 2
6 11 138 83 89 68 54 #SUP: 2
6 11 138 83 89 68 #SUP: 2
87 11 138 83 89 #SUP: 2
54 11 138 83 89 87 #SUP: 2
6 11 138 83 89 87 54 #SUP: 2
6 11 138 83 89 87 #SUP: 2
54 11 138 83 89 #SUP: 2
6 11 138 83 89 54 #SUP: 2
6 11 138 83 89 #SUP: 2
64 11 138 83 #SUP: 2
122 11 138 83 64 #SUP: 2
68 11 138 83 64 122 #SUP: 2
87 11 138 83 64 122 68 #SUP: 2
54 11 138 83 64 122 68 87 #SUP: 2
6 11 138 83 64 122 68 87 54 #SUP: 2
6 11 138 83 64 122 68 87 #SUP: 2
54 11 138 83 64 122 68 #SUP: 2
6 11 138 83 64 122 68 54 #SUP: 2
6 11 138 83 64 122 68 #SUP: 2
87 11 138 83 64 122 #SUP: 2
54 11 138 83 64 122 87 #SUP: 2
6 11 138 83 64 122 87 54 #SUP: 2
6 11 138 83 64 122 87 #SUP: 2
54 11 138 83 64 122 #SUP: 2
6 11 138 83 64 122 54 #SUP: 2
6 11 138 83 64 122 #SUP: 2
68 11 138 83 64 #SUP: 2
87 11 138 83 64 68 #SUP: 2
54 11 138 83 64 68 87 #SUP: 2
6 11 138 83 64 68 87 54 #SUP: 2
6 11 138 83 64 68 87 #SUP: 2
54 11 138 83 64 68 #SUP: 2
6 11 138 83 64 68 54 #SUP: 2
6 11 138 83 64 68 #SUP: 2
87 11 138 83 64 #SUP: 2
54 11 138 83 64 87 #SUP: 2
6 11 138 83 64 87 54 #SUP: 2
6 11 138 83 64 87 #SUP: 2
54 11 138 83 64 #SUP: 2
6 11 138 83 64 54 #SUP: 2
6 11 138 83 64 #SUP: 2
122 11 138 83 #SUP: 2
68 11 138 83 122 #SUP: 2
87 11 138 83 122 68 #SUP: 2
54 11 138 83 122 68 87 #SUP: 2
6 11 138 83 122 68 87 54 #SUP: 2
6 11 138 83 122 68 87 #SUP: 2
54 11 138 83 122 68 #SUP: 2
6 11 138 83 122 68 54 #SUP: 2
6 11 138 83 122 68 #SUP: 2
87 11 138 83 122 #SUP: 2
54 11 138 83 122 87 #SUP: 2
6 11 138 83 122 87 54 #SUP: 2
6 11 138 83 122 87 #SUP: 2
54 11 138 83 122 #SUP: 2
6 11 138 83 122 54 #SUP: 2
6 11 138 83 122 #SUP: 2
68 11 138 83 #SUP: 2
87 11 138 83 68 #SUP: 2
54 11 138 83 68 87 #SUP: 2
6 11 138 83 68 87 54 #SUP: 2
6 11 138 83 68 87 #SUP: 2
54 11 138 83 68 #SUP: 2
6 11 138 83 68 54 #SUP: 2
6 11 138 83 68 #SUP: 2
87 11 138 83 #SUP: 2
54 11 138 83 87 #SUP: 2
6 11 138 83 87 54 #SUP: 2
6 11 138 83 87 #SUP: 2
54 11 138 83 #SUP: 2
6 11 138 83 54 #SUP: 2
6 11 138 83 #SUP: 2
89 11 138 #SUP: 2
64 11 138 89 #SUP: 2
122 11 138 89 64 #SUP: 2
68 11 138 89 64 122 #SUP: 2
87 11 138 89 64 122 68 #SUP: 2
54 11 138 89 64 122 68 87 #SUP: 2
6 11 138 89 64 122 68 87 54 #SUP: 2
6 11 138 89 64 122 68 87 #SUP: 2
54 11 138 89 64 122 68 #SUP: 2
6 11 138 89 64 122 68 54 #SUP: 2
6 11 138 89 64 122 68 #SUP: 2
87 11 138 89 64 122 #SUP: 2
54 11 138 89 64 122 87 #SUP: 2
6 11 138 89 64 122 87 54 #SUP: 2
6 11 138 89 64 122 87 #SUP: 2
54 11 138 89 64 122 #SUP: 2
6 11 138 89 64 122 54 #SUP: 2
6 11 138 89 64 122 #SUP: 2
68 11 138 89 64 #SUP: 2
87 11 138 89 64 68 #SUP: 2
54 11 138 89 64 68 87 #SUP: 2
6 11 138 89 64 68 87 54 #SUP: 2
6 11 138 89 64 68 87 #SUP: 2
54 11 138 89 64 68 #SUP: 2
6 11 138 89 64 68 54 #SUP: 2
6 11 138 89 64 68 #SUP: 2
87 11 138 89 64 #SUP: 2
54 11 138 89 64 87 #SUP: 2
6 11 138 89 64 87 54 #SUP: 2
6 11 138 89 64 87 #SUP: 2
54 11 138 89 64 #SUP: 2
6 11 138 89 64 54 #SUP: 2
6 11 138 89 64 #SUP: 2
122 11 138 89 #SUP: 2
68 11 138 89 122 #SUP: 2
87 11 138 89 122 68 #SUP: 2
54 11 138 89 122 68 87 #SUP: 2
6 11 138 89 122 68 87 54 #SUP: 2
6 11 138 89 122 68 87 #SUP: 2
54 11 138 89 122 68 #SUP: 2
6 11 138 89 122 68 54 #SUP: 2
6 11 138 89 122 68 #SUP: 2
87 11 138 89 122 #SUP: 2
54 11 138 89 122 87 #SUP: 2
6 11 138 89 122 87 54 #SUP: 2
6 11 138 89 122 87 #SUP: 2
54 11 138 89 122 #SUP: 2
6 11 138 89 122 54 #SUP: 2
6 11 138 89 122 #SUP: 2
68 11 138 89 #SUP: 2
87 11 138 89 68 #SUP: 2
54 11 138 89 68 87 #SUP: 2
6 11 138 89 68 87 54 #SUP: 2
6 11 138 89 68 87 #SUP: 2
54 11 138 89 68 #SUP: 2
6 11 138 89 68 54 #SUP: 2
6 11 138 89 68 #SUP: 2
87 11 138 89 #SUP: 2
54 11 138 89 87 #SUP: 2
6 11 138 89 87 54 #SUP: 2
6 11 138 89 87 #SUP: 2
54 11 138 89 #SUP: 2
6 11 138 89 54 #SUP: 2
6 11 138 89 #SUP: 2
64 11 138 #SUP: 2
122 11 138 64 #SUP: 2
68 11 138 64 122 #SUP: 2
87 11 138 64 122 68 #SUP: 2
54 11 138 64 122 68 87 #SUP: 2
6 11 138 64 122 68 87 54 #SUP: 2
6 11 138 64 122 68 87 #SUP: 2
54 11 138 64 122 68 #SUP: 2
6 11 138 64 122 68 54 #SUP: 2
6 11 138 64 122 68 #SUP: 2
87 11 138 64 122 #SUP: 2
54 11 138 64 122 87 #SUP: 2
6 11 138 64 122 87 54 #SUP: 2
6 11 138 64 122 87 #SUP: 2
54 11 138 64 122 #SUP: 2
6 11 138 64 122 54 #SUP: 2
6 11 138 64 122 #SUP: 2
68 11 138 64 #SUP: 2
87 11 138 64 68 #SUP: 2
54 11 138 64 68 87 #SUP: 2
6 11 138 64 68 87 54 #SUP: 2
6 11 138 64 68 87 #SUP: 2
54 11 138 64 68 #SUP: 2
6 11 138 64 68 54 #SUP: 2
6 11 138 64 68 #SUP: 2
87 11 138 64 #SUP: 2
54 11 138 64 87 #SUP: 2
6 11 138 64 87 54 #SUP: 2
6 11 138 64 87 #SUP: 2
54 11 138 64 #SUP: 2
6 11 138 64 54 #SUP: 2
6 11 138 64 #SUP: 2
122 11 138 #SUP: 2
68 11 138 122 #SUP: 2
87 11 138 122 68 #SUP: 2
54 11 138 122 68 87 #SUP: 2
6 11 138 122 68 87 54 #SUP: 2
6 11 138 122 68 87 #SUP: 2
54 11 138 122 68 #SUP: 2
6 11 138 122 68 54 #SUP: 2
6 11 138 122 68 #SUP: 2
87 11 138 122 #SUP: 2
54 11 138 122 87 #SUP: 2
6 11 138 122 87 54 #SUP: 2
6 11 138 122 87 #SUP: 2
54 11 138 122 #SUP: 2
6 11 138 122 54 #SUP: 2
6 11 138 122 #SUP: 2
68 11 138 #SUP: 2
87 11 138 68 #SUP: 2
54 11 138 68 87 #SUP: 2
6 11 138 68 87 54 #SUP: 2
6 11 138 68 87 #SUP: 2
54 11 138 68 #SUP: 2
6 11 138 68 54 #SUP: 2
6 11 138 68 #SUP: 2
87 11 138 #SUP: 2
54 11 138 87 #SUP: 2
6 11 138 87 54 #SUP: 2
6 11 138 87 #SUP: 2
54 11 138 #SUP: 2
6 11 138 54 #SUP: 2
6 11 138 #SUP: 2
83 11 #SUP: 2
89 11 83 #SUP: 2
64 11 83 89 #SUP: 2
122 11 83 89 64 #SUP: 2
68 11 83 89 64 122 #SUP: 2
87 11 83 89 64 122 68 #SUP: 2
54 11 83 89 64 122 68 87 #SUP: 2
6 11 83 89 64 122 68 87 54 #SUP: 2
6 11 83 89 64 122 68 87 #SUP: 2
54 11 83 89 64 122 68 #SUP: 2
6 11 83 89 64 122 68 54 #SUP: 2
6 11 83 89 64 122 68 #SUP: 2
87 11 83 89 64 122 #SUP: 2
54 11 83 89 64 122 87 #SUP: 2
6 11 83 89 64 122 87 54 #SUP: 2
6 11 83 89 64 122 87 #SUP: 2
54 11 83 89 64 122 #SUP: 2
6 11 83 89 64 122 54 #SUP: 2
6 11 83 89 64 122 #SUP: 2
68 11 83 89 64 #SUP: 2
87 11 83 89 64 68 #SUP: 2
54 11 83 89 64 68 87 #SUP: 2
6 11 83 89 64 68 87 54 #SUP: 2
6 11 83 89 64 68 87 #SUP: 2
54 11 83 89 64 68 #SUP: 2
6 11 83 89 64 68 54 #SUP: 2
6 11 83 89 64 68 #SUP: 2
87 11 83 89 64 #SUP: 2
54 11 83 89 64 87 #SUP: 2
6 11 83 89 64 87 54 #SUP: 2
6 11 83 89 64 87 #SUP: 2
54 11 83 89 64 #SUP: 2
6 11 83 89 64 54 #SUP: 2
6 11 83 89 64 #SUP: 2
122 11 83 89 #SUP: 2
68 11 83 89 122 #SUP: 2
87 11 83 89 122 68 #SUP: 2
54 11 83 89 122 68 87 #SUP: 2
6 11 83 89 122 68 87 54 #SUP: 2
6 11 83 89 122 68 87 #SUP: 2
54 11 83 89 122 68 #SUP: 2
6 11 83 89 122 68 54 #SUP: 2
6 11 83 89 122 68 #SUP: 2
87 11 83 89 122 #SUP: 2
54 11 83 89 122 87 #SUP: 2
6 11 83 89 122 87 54 #SUP: 2
6 11 83 89 122 87 #SUP: 2
54 11 83 89 122 #SUP: 2
6 11 83 89 122 54 #SUP: 2
6 11 83 89 122 #SUP: 2
68 11 83 89 #SUP: 2
87 11 83 89 68 #SUP: 2
54 11 83 89 68 87 #SUP: 2
6 11 83 89 68 87 54 #SUP: 2
6 11 83 89 68 87 #SUP: 2
54 11 83 89 68 #SUP: 2
6 11 83 89 68 54 #SUP: 2
6 11 83 89 68 #SUP: 2
87 11 83 89 #SUP: 2
54 11 83 89 87 #SUP: 2
6 11 83 89 87 54 #SUP: 2
6 11 83 89 87 #SUP: 2
54 11 83 89 #SUP: 2
6 11 83 89 54 #SUP: 2
6 11 83 89 #SUP: 2
64 11 83 #SUP: 2
122 11 83 64 #SUP: 2
68 11 83 64 122 #SUP: 2
87 11 83 64 122 68 #SUP: 2
54 11 83 64 122 68 87 #SUP: 2
6 11 83 64 122 68 87 54 #SUP: 2
6 11 83 64 122 68 87 #SUP: 2
54 11 83 64 122 68 #SUP: 2
6 11 83 64 122 68 54 #SUP: 2
6 11 83 64 122 68 #SUP: 2
87 11 83 64 122 #SUP: 2
54 11 83 64 122 87 #SUP: 2
6 11 83 64 122 87 54 #SUP: 2
6 11 83 64 122 87 #SUP: 2
54 11 83 64 122 #SUP: 2
6 11 83 64 122 54 #SUP: 2
6 11 83 64 122 #SUP: 2
68 11 83 64 #SUP: 2
87 11 83 64 68 #SUP: 2
54 11 83 64 68 87 #SUP: 2
6 11 83 64 68 87 54 #SUP: 2
6 11 83 64 68 87 #SUP: 2
54 11 83 64 68 #SUP: 2
6 11 83 64 68 54 #SUP: 2
6 11 83 64 68 #SUP: 2
87 11 83 64 #SUP: 2
54 11 83 64 87 #SUP: 2
6 11 83 64 87 54 #SUP: 2
6 11 83 64 87 #SUP: 2
54 11 83 64 #SUP: 2
6 11 83 64 54 #SUP: 2
6 11 83 64 #SUP: 2
122 11 83 #SUP: 2
68 11 83 122 #SUP: 2
87 11 83 122 68 #SUP: 2
54 11 83 122 68 87 #SUP: 2
6 11 83 122 68 87 54 #SUP: 2
6 11 83 122 68 87 #SUP: 2
54 11 83 122 68 #SUP: 2
6 11 83 122 68 54 #SUP: 2
6 11 83 122 68 #SUP: 2
87 11 83 122 #SUP: 2
54 11 83 122 87 #SUP: 2
6 11 83 122 87 54 #SUP: 2
6 11 83 122 87 #SUP: 2
54 11 83 122 #SUP: 2
6 11 83 122 54 #SUP: 2
6 11 83 122 #SUP: 2
68 11 83 #SUP: 2
87 11 83 68 #SUP: 2
54 11 83 68 87 #SUP: 2
6 11 83 68 87 54 #SUP: 2
6 11 83 68 87 #SUP: 2
54 11 83 68 #SUP: 2
6 11 83 68 54 #SUP: 2
6 11 83 68 #SUP: 2
87 11 83 #SUP: 2
54 11 83 87 #SUP: 2
6 11 83 87 54 #SUP: 2
6 11 83 87 #SUP: 2
54 11 83 #SUP: 2
6 11 83 54 #SUP: 2
6 11 83 #SUP: 2
89 11 #SUP: 2
64 11 89 #SUP: 2
122 11 89 64 #SUP: 2
68 11 89 64 122 #SUP: 2
87 11 89 64 122 68 #SUP: 2
54 11 89 64 122 68 87 #SUP: 2
6 11 89 64 122 68 87 54 #SUP: 2
6 11 89 64 122 68 87 #SUP: 2
54 11 89 64 122 68 #SUP: 2
6 11 89 64 122 68 54 #SUP: 2
6 11 89 64 122 68 #SUP: 2
87 11 89 64 122 #SUP: 2
54 11 89 64 122 87 #SUP: 2
6 11 89 64 122 87 54 #SUP: 2
6 11 89 64 122 87 #SUP: 2
54 11 89 64 122 #SUP: 2
6 11 89 64 122 54 #SUP: 2
6 11 89 64 122 #SUP: 2
68 11 89 64 #SUP: 2
87 11 89 64 68 #SUP: 2
54 11 89 64 68 87 #SUP: 2
6 11 89 64 68 87 54 #SUP: 2
6 11 89 64 68 87 #SUP: 2
54 11 89 64 68 #SUP: 2
6 11 89 64 68 54 #SUP: 2
6 11 89 64 68 #SUP: 2
87 11 89 64 #SUP: 2
54 11 89 64 87 #SUP: 2
6 11 89 64 87 54 #SUP: 2
6 11 89 64 87 #SUP: 2
54 11 89 64 #SUP: 2
6 11 89 64 54 #SUP: 2
6 11 89 64 #SUP: 2
122 11 89 #SUP: 2
68 11 89 122 #SUP: 2
87 11 89 122 68 #SUP: 2
54 11 89 122 68 87 #SUP: 2
6 11 89 122 68 87 54 #SUP: 2
6 11 89 122 68 87 #SUP: 2
54 11 89 122 68 #SUP: 2
6 11 89 122 68 54 #SUP: 2
6 11 89 122 68 #SUP: 2
87 11 89 122 #SUP: 2
54 11 89 122 87 #SUP: 2
6 11 89 122 87 54 #SUP: 2
6 11 89 122 87 #SUP: 2
54 11 89 122 #SUP: 2
6 11 89 122 54 #SUP: 2
6 11 89 122 #SUP: 2
68 11 89 #SUP: 2
87 11 89 68 #SUP: 2
54 11 89 68 87 #SUP: 2
6 11 89 68 87 54 #SUP: 2
6 11 89 68 87 #SUP: 2
54 11 89 68 #SUP: 2
6 11 89 68 54 #SUP: 2
6 11 89 68 #SUP: 2
87 11 89 #SUP: 2
54 11 89 87 #SUP: 2
6 11 89 87 54 #SUP: 2
6 11 89 87 #SUP: 2
54 11 89 #SUP: 2
6 11 89 54 #SUP: 2
6 11 89 #SUP: 2
64 11 #SUP: 2
122 11 64 #SUP: 2
68 11 64 122 #SUP: 2
87 11 64 122 68 #SUP: 2
54 11 64 122 68 87 #SUP: 2
6 11 64 122 68 87 54 #SUP: 2
6 11 64 122 68 87 #SUP: 2
54 11 64 122 68 #SUP: 2
6 11 64 122 68 54 #SUP: 2
6 11 64 122 68 #SUP: 2
87 11 64 122 #SUP: 2
54 11 64 122 87 #SUP: 2
6 11 64 122 87 54 #SUP: 2
6 11 64 122 87 #SUP: 2
54 11 64 122 #SUP: 2
6 11 64 122 54 #SUP: 2
6 11 64 122 #SUP: 2
68 11 64 #SUP: 2
87 11 64 68 #SUP: 2
54 11 64 68 87 #SUP: 2
6 11 64 68 87 54 #SUP: 2
6 11 64 68 87 #SUP: 2
54 11 64 68 #SUP: 2
6 11 64 68 54 #SUP: 2
6 11 64 68 #SUP: 2
87 11 64 #SUP: 2
54 11 64 87 #SUP: 2
6 11 64 87 54 #SUP: 2
6 11 64 87 #SUP: 2
54 11 64 #SUP: 2
6 11 64 54 #SUP: 2
6 11 64 #SUP: 2
122 11 #SUP: 2
68 11 122 #SUP: 2
87 11 122 68 #SUP: 2
54 11 122 68 87 #SUP: 2
6 11 122 68 87 54 #SUP: 2
6 11 122 68 87 #SUP: 2
54 11 122 68 #SUP: 2
6 11 122 68 54 #SUP: 2
6 11 122 68 #SUP: 2
87 11 122 #SUP: 2
54 11 122 87 #SUP: 2
6 11 122 87 54 #SUP: 2
6 11 122 87 #SUP: 2
54 11 122 #SUP: 2
6 11 122 54 #SUP: 2
6 11 122 #SUP: 2
68 11 #SUP: 2
87 11 68 #SUP: 2
54 11 68 87 #SUP: 2
6 11 68 87 54 #SUP: 2
6 11 68 87 #SUP: 2
54 11 68 #SUP: 2
6 11 68 54 #SUP: 2
6 11 68 #SUP: 2
87 11 #SUP: 2
54 11 87 #SUP: 2
6 11 87 54 #SUP: 2
6 11 87 #SUP: 2
54 11 #SUP: 3
67 11 54 #SUP: 2
6 11 54 67 #SUP: 2
6 11 54 #SUP: 3
67 11 #SUP: 2
6 11 67 #SUP: 2
6 11 #SUP: 3
20  #SUP: 3
54 20 #SUP: 2
6 20 54 #SUP: 2
6 20 #SUP: 3
75  #SUP: 3
76 75 #SUP: 2
65 75 76 #SUP: 2
54 75 76 65 #SUP: 2
67 75 76 65 54 #SUP: 2
67 75 76 65 #SUP: 2
54 75 76 #SUP: 2
67 75 76 54 #SUP: 2
67 75 76 #SUP: 2
65 75 #SUP: 2
54 75 65 #SUP: 2
67 75 65 54 #SUP: 2
67 75 65 #SUP: 2
54 75 #SUP: 2
67 75 54 #SUP: 2
67 75 #SUP: 3
76  #SUP: 3
65 76 #SUP: 3
68 76 65 #SUP: 2
67 76 65 68 #SUP: 2
54 76 65 #SUP: 2
67 76 65 54 #SUP: 2
67 76 65 #SUP: 3
81 76 65 67 #SUP: 2
81 76 65 #SUP: 2
68 76 #SUP: 2
67 76 68 #SUP: 2
54 76 #SUP: 2
67 76 54 #SUP: 2
67 76 #SUP: 3
81 76 67 #SUP: 2
81 76 #SUP: 2
100  #SUP: 3
6 100 #SUP: 2
102  #SUP: 3
53 102 #SUP: 3
52 102 53 #SUP: 2
6 102 53 52 #SUP: 2
6 102 53 #SUP: 3
52 102 #SUP: 2
6 102 52 #SUP: 2
6 102 #SUP: 3
118  #SUP: 3
89 118 #SUP: 2
122 118 89 #SUP: 2
65 118 89 122 #SUP: 2
68 118 89 122 65 #SUP: 2
87 118 89 122 65 68 #SUP: 2
6 118 89 122 65 68 87 #SUP: 2
6 118 89 122 65 68 #SUP: 2
87 118 89 122 65 #SUP: 2
6 118 89 122 65 87 #SUP: 2
6 118 89 122 65 #SUP: 2
68 118 89 122 #SUP: 2
87 118 89 122 68 #SUP: 2
6 118 89 122 68 87 #SUP: 2
6 118 89 122 68 #SUP: 2
87 118 89 122 #SUP: 2
6 118 89 122 87 #SUP: 2
6 118 89 122 #SUP: 2
65 118 89 #SUP: 2
68 118 89 65 #SUP: 2
87 118 89 65 68 #SUP: 2
6 118 89 65 68 87 #SUP: 2
6 118 89 65 68 #SUP: 2
87 118 89 65 #SUP: 2
6 118 89 65 87 #SUP: 2
6 118 89 65 #SUP: 2
68 118 89 #SUP: 2
87 118 89 68 #SUP: 2
6 118 89 68 87 #SUP: 2
6 118 89 68 #SUP: 2
87 118 89 #SUP: 2
6 118 89 87 #SUP: 2
6 118 89 #SUP: 2
122 118 #SUP: 3
65 118 122 #SUP: 3
68 118 122 65 #SUP: 2
87 118 122 65 68 #SUP: 2
6 118 122 65 68 87 #SUP: 2
6 118 122 65 68 #SUP: 2
87 118 122 65 #SUP: 3
54 118 122 65 87 #SUP: 2
67 118 122 65 87 54 #SUP: 2
67 118 122 65 87 #SUP: 2
6 118 122 65 87 #SUP: 2
54 118 122 65 #SUP: 2
67 118 122 65 54 #SUP: 2
67 118 122 65 #SUP: 2
6 118 122 65 #SUP: 2
68 118 122 #SUP: 2
87 118 122 68 #SUP: 2
6 118 122 68 87 #SUP: 2
6 118 122 68 #SUP: 2
87 118 122 #SUP: 3
54 118 122 87 #SUP: 2
67 118 122 87 54 #SUP: 2
67 118 122 87 #SUP: 2
6 118 122 87 #SUP: 2
54 118 122 #SUP: 2
67 118 122 54 #SUP: 2
67 118 122 #SUP: 2
6 118 122 #SUP: 2
65 118 #SUP: 3
68 118 65 #SUP: 2
87 118 65 68 #SUP: 2
6 118 65 68 87 #SUP: 2
6 118 65 68 #SUP: 2
87 118 65 #SUP: 3
54 118 65 87 #SUP: 2
67 118 65 87 54 #SUP: 2
67 118 65 87 #SUP: 2
6 118 65 87 #SUP: 2
54 118 65 #SUP: 2
67 118 65 54 #SUP: 2
67 118 65 #SUP: 2
6 118 65 #SUP: 2
68 118 #SUP: 2
87 118 68 #SUP: 2
6 118 68 87 #SUP: 2
6 118 68 #SUP: 2
87 118 #SUP: 3
54 118 87 #SUP: 2
67 118 87 54 #SUP: 2
67 118 87 #SUP: 2
6 118 87 #SUP: 2
54 118 #SUP: 2
67 118 54 #SUP: 2
67 118 #SUP: 2
6 118 #SUP: 2
138  #SUP: 3
83 138 #SUP: 2
89 138 83 #SUP: 2
64 138 83 89 #SUP: 2
122 138 83 89 64 #SUP: 2
68 138 83 89 64 122 #SUP: 2
87 138 83 89 64 122 68 #SUP: 2
54 138 83 89 64 122 68 87 #SUP: 2
6 138 83 89 64 122 68 87 54 #SUP: 2
6 138 83 89 64 122 68 87 #SUP: 2
54 138 83 89 64 122 68 #SUP: 2
6 138 83 89 64 122 68 54 #SUP: 2
6 138 83 89 64 122 68 #SUP: 2
87 138 83 89 64 122 #SUP: 2
54 138 83 89 64 122 87 #SUP: 2
6 138 83 89 64 122 87 54 #SUP: 2
6 138 83 89 64 122 87 #SUP: 2
54 138 83 89 64 122 #SUP: 2
6 138 83 89 64 122 54 #SUP: 2
6 138 83 89 64 122 #SUP: 2
68 138 83 89 64 #SUP: 2
87 138 83 89 64 68 #SUP: 2
54 138 83 89 64 68 87 #SUP: 2
6 138 83 89 64 68 87 54 #SUP: 2
6 138 83 89 64 68 87 #SUP: 2
54 138 83 89 64 68 #SUP: 2
6 138 83 89 64 68 54 #SUP: 2
6 138 83 89 64 68 #SUP: 2
87 138 83 89 64 #SUP: 2
54 138 83 89 64 87 #SUP: 2
6 138 83 89 64 87 54 #SUP: 2
6 138 83 89 64 87 #SUP: 2
54 138 83 89 64 #SUP: 2
6 138 83 89 64 54 #SUP: 2
6 138 83 89 64 #SUP: 2
122 138 83 89 #SUP: 2
68 138 83 89 122 #SUP: 2
87 138 83 89 122 68 #SUP: 2
54 138 83 89 122 68 87 #SUP: 2
6 138 83 89 122 68 87 54 #SUP: 2
6 138 83 89 122 68 87 #SUP: 2
54 138 83 89 122 68 #SUP: 2
6 138 83 89 122 68 54 #SUP: 2
6 138 83 89 122 68 #SUP: 2
87 138 83 89 122 #SUP: 2
54 138 83 89 122 87 #SUP: 2
6 138 83 89 122 87 54 #SUP: 2
6 138 83 89 122 87 #SUP: 2
54 138 83 89 122 #SUP: 2
6 138 83 89 122 54 #SUP: 2
6 138 83 89 122 #SUP: 2
68 138 83 89 #SUP: 2
87 138 83 89 68 #SUP: 2
54 138 83 89 68 87 #SUP: 2
6 138 83 89 68 87 54 #SUP: 2
6 138 83 89 68 87 #SUP: 2
54 138 83 89 68 #SUP: 2
6 138 83 89 68 54 #SUP: 2
6 138 83 89 68 #SUP: 2
87 138 83 89 #SUP: 2
54 138 83 89 87 #SUP: 2
6 138 83 89 87 54 #SUP: 2
6 138 83 89 87 #SUP: 2
54 138 83 89 #SUP: 2
6 138 83 89 54 #SUP: 2
6 138 83 89 #SUP: 2
64 138 83 #SUP: 2
122 138 83 64 #SUP: 2
68 138 83 64 122 #SUP: 2
87 138 83 64 122 68 #SUP: 2
54 138 83 64 122 68 87 #SUP: 2
6 138 83 64 122 68 87 54 #SUP: 2
6 138 83 64 122 68 87 #SUP: 2
54 138 83 64 122 68 #SUP: 2
6 138 83 64 122 68 54 #SUP: 2
6 138 83 64 122 68 #SUP: 2
87 138 83 64 122 #SUP: 2
54 138 83 64 122 87 #SUP: 2
6 138 83 64 122 87 54 #SUP: 2
6 138 83 64 122 87 #SUP: 2
54 138 83 64 122 #SUP: 2
6 138 83 64 122 54 #SUP: 2
6 138 83 64 122 #SUP: 2
68 138 83 64 #SUP: 2
87 138 83 64 68 #SUP: 2
54 138 83 64 68 87 #SUP: 2
6 138 83 64 68 87 54 #SUP: 2
6 138 83 64 68 87 #SUP: 2
54 138 83 64 68 #SUP: 2
6 138 83 64 68 54 #SUP: 2
6 138 83 64 68 #SUP: 2
87 138 83 64 #SUP: 2
54 138 83 64 87 #SUP: 2
6 138 83 64 87 54 #SUP: 2
6 138 83 64 87 #SUP: 2
54 138 83 64 #SUP: 2
6 138 83 64 54 #SUP: 2
6 138 83 64 #SUP: 2
122 138 83 #SUP: 2
68 138 83 122 #SUP: 2
87 138 83 122 68 #SUP: 2
54 138 83 122 68 87 #SUP: 2
6 138 83 122 68 87 54 #SUP: 2
6 138 83 122 68 87 #SUP: 2
54 138 83 122 68 #SUP: 2
6 138 83 122 68 54 #SUP: 2
6 138 83 122 68 #SUP: 2
87 138 83 122 #SUP: 2
54 138 83 122 87 #SUP: 2
6 138 83 122 87 54 #SUP: 2
6 138 83 122 87 #SUP: 2
54 138 83 122 #SUP: 2
6 138 83 122 54 #SUP: 2
6 138 83 122 #SUP: 2
68 138 83 #SUP: 2
87 138 83 68 #SUP: 2
54 138 83 68 87 #SUP: 2
6 138 83 68 87 54 #SUP: 2
6 138 83 68 87 #SUP: 2
54 138 83 68 #SUP: 2
6 138 83 68 54 #SUP: 2
6 138 83 68 #SUP: 2
87 138 83 #SUP: 2
54 138 83 87 #SUP: 2
6 138 83 87 54 #SUP: 2
6 138 83 87 #SUP: 2
54 138 83 #SUP: 2
6 138 83 54 #SUP: 2
6 138 83 #SUP: 2
89 138 #SUP: 2
64 138 89 #SUP: 2
122 138 89 64 #SUP: 2
68 138 89 64 122 #SUP: 2
87 138 89 64 122 68 #SUP: 2
54 138 89 64 122 68 87 #SUP: 2
6 138 89 64 122 68 87 54 #SUP: 2
6 138 89 64 122 68 87 #SUP: 2
54 138 89 64 122 68 #SUP: 2
6 138 89 64 122 68 54 #SUP: 2
6 138 89 64 122 68 #SUP: 2
87 138 89 64 122 #SUP: 2
54 138 89 64 122 87 #SUP: 2
6 138 89 64 122 87 54 #SUP: 2
6 138 89 64 122 87 #SUP: 2
54 138 89 64 122 #SUP: 2
6 138 89 64 122 54 #SUP: 2
6 138 89 64 122 #SUP: 2
68 138 89 64 #SUP: 2
87 138 89 64 68 #SUP: 2
54 138 89 64 68 87 #SUP: 2
6 138 89 64 68 87 54 #SUP: 2
6 138 89 64 68 87 #SUP: 2
54 138 89 64 68 #SUP: 2
6 138 89 64 68 54 #SUP: 2
6 138 89 64 68 #SUP: 2
87 138 89 64 #SUP: 2
54 138 89 64 87 #SUP: 2
6 138 89 64 87 54 #SUP: 2
6 138 89 64 87 #SUP: 2
54 138 89 64 #SUP: 2
6 138 89 64 54 #SUP: 2
6 138 89 64 #SUP: 2
122 138 89 #SUP: 2
68 138 89 122 #SUP: 2
87 138 89 122 68 #SUP: 2
54 138 89 122 68 87 #SUP: 2
6 138 89 122 68 87 54 #SUP: 2
6 138 89 122 68 87 #SUP: 2
54 138 89 122 68 #SUP: 2
6 138 89 122 68 54 #SUP: 2
6 138 89 122 68 #SUP: 2
87 138 89 122 #SUP: 2
54 138 89 122 87 #SUP: 2
6 138 89 122 87 54 #SUP: 2
6 138 89 122 87 #SUP: 2
54 138 89 122 #SUP: 2
6 138 89 122 54 #SUP: 2
6 138 89 122 #SUP: 2
68 138 89 #SUP: 2
87 138 89 68 #SUP: 2
54 138 89 68 87 #SUP: 2
6 138 89 68 87 54 #SUP: 2
6 138 89 68 87 #SUP: 2
54 138 89 68 #SUP: 2
6 138 89 68 54 #SUP: 2
6 138 89 68 #SUP: 2
87 138 89 #SUP: 2
54 138 89 87 #SUP: 2
6 138 89 87 54 #SUP: 2
6 138 89 87 #SUP: 2
54 138 89 #SUP: 2
6 138 89 54 #SUP: 2
6 138 89 #SUP: 2
64 138 #SUP: 2
122 138 64 #SUP: 2
68 138 64 122 #SUP: 2
87 138 64 122 68 #SUP: 2
54 138 64 122 68 87 #SUP: 2
6 138 64 122 68 87 54 #SUP: 2
6 138 64 122 68 87 #SUP: 2
54 138 64 122 68 #SUP: 2
6 138 64 122 68 54 #SUP: 2
6 138 64 122 68 #SUP: 2
87 138 64 122 #SUP: 2
54 138 64 122 87 #SUP: 2
6 138 64 122 87 54 #SUP: 2
6 138 64 122 87 #SUP: 2
54 138 64 122 #SUP: 2
6 138 64 122 54 #SUP: 2
6 138 64 122 #SUP: 2
68 138 64 #SUP: 2
87 138 64 68 #SUP: 2
54 138 64 68 87 #SUP: 2
6 138 64 68 87 54 #SUP: 2
6 138 64 68 87 #SUP: 2
54 138 64 68 #SUP: 2
6 138 64 68 54 #SUP: 2
6 138 64 68 #SUP: 2
87 138 64 #SUP: 2
54 138 64 87 #SUP: 2
6 138 64 87 54 #SUP: 2
6 138 64 87 #SUP: 2
54 138 64 #SUP: 2
6 138 64 54 #SUP: 2
6 138 64 #SUP: 2
122 138 #SUP: 2
68 138 122 #SUP: 2
87 138 122 68 #SUP: 2
54 138 122 68 87 #SUP: 2
6 138 122 68 87 54 #SUP: 2
6 138 122 68 87 #SUP: 2
54 138 122 68 #SUP: 2
6 138 122 68 54 #SUP: 2
6 138 122 68 #SUP: 2
87 138 122 #SUP: 2
54 138 122 87 #SUP: 2
6 138 122 87 54 #SUP: 2
6 138 122 87 #SUP: 2
54 138 122 #SUP: 2
6 138 122 54 #SUP: 2
6 138 122 #SUP: 2
68 138 #SUP: 2
87 138 68 #SUP: 2
54 138 68 87 #SUP: 2
6 138 68 87 54 #SUP: 2
6 138 68 87 #SUP: 2
54 138 68 #SUP: 2
6 138 68 54 #SUP: 2
6 138 68 #SUP: 2
87 138 #SUP: 2
54 138 87 #SUP: 2
6 138 87 54 #SUP: 2
6 138 87 #SUP: 2
54 138 #SUP: 2
6 138 54 #SUP: 2
67 138 #SUP: 2
6 138 67 #SUP: 2
6 138 #SUP: 3
157  #SUP: 3
178  #SUP: 3
46  #SUP: 4
97 46 #SUP: 2
15 46 97 #SUP: 2
15 46 #SUP: 3
50 46 15 #SUP: 2
51 46 15 50 #SUP: 2
52 46 15 50 51 #SUP: 2
6 46 15 50 51 52 #SUP: 2
6 46 15 50 51 #SUP: 2
52 46 15 50 #SUP: 2
6 46 15 50 52 #SUP: 2
6 46 15 50 #SUP: 2
51 46 15 #SUP: 2
52 46 15 51 #SUP: 2
6 46 15 51 52 #SUP: 2
6 46 15 51 #SUP: 2
52 46 15 #SUP: 2
6 46 15 52 #SUP: 2
6 46 15 #SUP: 2
50 46 #SUP: 3
51 46 50 #SUP: 3
54 46 50 51 #SUP: 2
52 46 50 51 54 #SUP: 2
6 46 50 51 54 52 #SUP: 2
6 46 50 51 54 #SUP: 2
52 46 50 51 #SUP: 3
6 46 50 51 52 #SUP: 3
6 46 50 51 #SUP: 3
54 46 50 #SUP: 2
52 46 50 54 #SUP: 2
6 46 50 54 52 #SUP: 2
6 46 50 54 #SUP: 2
52 46 50 #SUP: 3
6 46 50 52 #SUP: 3
6 46 50 #SUP: 3
51 46 #SUP: 3
54 46 51 #SUP: 2
52 46 51 54 #SUP: 2
6 46 51 54 52 #SUP: 2
6 46 51 54 #SUP: 2
52 46 51 #SUP: 3
6 46 51 52 #SUP: 3
6 46 51 #SUP: 3
54 46 #SUP: 2
52 46 54 #SUP: 2
6 46 54 52 #SUP: 2
6 46 54 #SUP: 2
52 46 #SUP: 3
6 46 52 #SUP: 3
6 46 #SUP: 3
66  #SUP: 4
89 66 #SUP: 2
122 66 89 #SUP: 2
68 66 89 122 #SUP: 2
87 66 89 122 68 #SUP: 2
6 66 89 122 68 87 #SUP: 2
6 66 89 122 68 #SUP: 2
87 66 89 122 #SUP: 2
6 66 89 122 87 #SUP: 2
6 66 89 122 #SUP: 2
68 66 89 #SUP: 2
87 66 89 68 #SUP: 2
6 66 89 68 87 #SUP: 2
6 66 89 68 #SUP: 2
87 66 89 #SUP: 2
6 66 89 87 #SUP: 2
6 66 89 #SUP: 2
64 66 #SUP: 2
68 66 64 #SUP: 2
54 66 64 68 #SUP: 2
54 66 64 #SUP: 2
122 66 #SUP: 2
68 66 122 #SUP: 2
87 66 122 68 #SUP: 2
6 66 122 68 87 #SUP: 2
6 66 122 68 #SUP: 2
87 66 122 #SUP: 2
6 66 122 87 #SUP: 2
6 66 122 #SUP: 2
65 66 #SUP: 2
68 66 65 #SUP: 2
68 66 #SUP: 3
87 66 68 #SUP: 2
6 66 68 87 #SUP: 2
54 66 68 #SUP: 2
6 66 68 #SUP: 2
87 66 #SUP: 2
6 66 87 #SUP: 2
54 66 #SUP: 2
6 66 #SUP: 2
83  #SUP: 4
89 83 #SUP: 2
64 83 89 #SUP: 2
122 83 89 64 #SUP: 2
68 83 89 64 122 #SUP: 2
87 83 89 64 122 68 #SUP: 2
54 83 89 64 122 68 87 #SUP: 2
6 83 89 64 122 68 87 54 #SUP: 2
6 83 89 64 122 68 87 #SUP: 2
54 83 89 64 122 68 #SUP: 2
6 83 89 64 122 68 54 #SUP: 2
6 83 89 64 122 68 #SUP: 2
87 83 89 64 122 #SUP: 2
54 83 89 64 122 87 #SUP: 2
6 83 89 64 122 87 54 #SUP: 2
6 83 89 64 122 87 #SUP: 2
54 83 89 64 122 #SUP: 2
6 83 89 64 122 54 #SUP: 2
6 83 89 64 122 #SUP: 2
68 83 89 64 #SUP: 2
87 83 89 64 68 #SUP: 2
54 83 89 64 68 87 #SUP: 2
6 83 89 64 68 87 54 #SUP: 2
6 83 89 64 68 87 #SUP: 2
54 83 89 64 68 #SUP: 2
6 83 89 64 68 54 #SUP: 2
6 83 89 64 68 #SUP: 2
87 83 89 64 #SUP: 2
54 83 89 64 87 #SUP: 2
6 83 89 64 87 54 #SUP: 2
6 83 89 64 87 #SUP: 2
54 83 89 64 #SUP: 2
6 83 89 64 54 #SUP: 2
6 83 89 64 #SUP: 2
122 83 89 #SUP: 2
68 83 89 122 #SUP: 2
87 83 89 122 68 #SUP: 2
54 83 89 122 68 87 #SUP: 2
6 83 89 122 68 87 54 #SUP: 2
6 83 89 122 68 87 #SUP: 2
54 83 89 122 68 #SUP: 2
6 83 89 122 68 54 #SUP: 2
6 83 89 122 68 #SUP: 2
87 83 89 122 #SUP: 2
54 83 89 122 87 #SUP: 2
6 83 89 122 87 54 #SUP: 2
6 83 89 122 87 #SUP: 2
54 83 89 122 #SUP: 2
6 83 89 122 54 #SUP: 2
6 83 89 122 #SUP: 2
68 83 89 #SUP: 2
87 83 89 68 #SUP: 2
54 83 89 68 87 #SUP: 2
6 83 89 68 87 54 #SUP: 2
6 83 89 68 87 #SUP: 2
54 83 89 68 #SUP: 2
6 83 89 68 54 #SUP: 2
6 83 89 68 #SUP: 2
87 83 89 #SUP: 2
54 83 89 87 #SUP: 2
6 83 89 87 54 #SUP: 2
6 83 89 87 #SUP: 2
54 83 89 #SUP: 2
6 83 89 54 #SUP: 2
6 83 89 #SUP: 2
64 83 #SUP: 3
122 83 64 #SUP: 2
68 83 64 122 #SUP: 2
87 83 64 122 68 #SUP: 2
54 83 64 122 68 87 #SUP: 2
6 83 64 122 68 87 54 #SUP: 2
6 83 64 122 68 87 #SUP: 2
54 83 64 122 68 #SUP: 2
6 83 64 122 68 54 #SUP: 2
6 83 64 122 68 #SUP: 2
87 83 64 122 #SUP: 2
54 83 64 122 87 #SUP: 2
6 83 64 122 87 54 #SUP: 2
6 83 64 122 87 #SUP: 2
54 83 64 122 #SUP: 2
6 83 64 122 54 #SUP: 2
6 83 64 122 #SUP: 2
65 83 64 #SUP: 2
68 83 64 65 #SUP: 2
54 83 64 65 68 #SUP: 2
6 83 64 65 68 54 #SUP: 2
6 83 64 65 68 #SUP: 2
54 83 64 65 #SUP: 2
6 83 64 65 54 #SUP: 2
6 83 64 65 #SUP: 2
68 83 64 #SUP: 3
87 83 64 68 #SUP: 2
54 83 64 68 87 #SUP: 2
6 83 64 68 87 54 #SUP: 2
6 83 64 68 87 #SUP: 2
54 83 64 68 #SUP: 3
6 83 64 68 54 #SUP: 3
6 83 64 68 #SUP: 3
87 83 64 #SUP: 2
54 83 64 87 #SUP: 2
6 83 64 87 54 #SUP: 2
6 83 64 87 #SUP: 2
54 83 64 #SUP: 3
6 83 64 54 #SUP: 3
6 83 64 #SUP: 3
122 83 #SUP: 3
68 83 122 #SUP: 2
87 83 122 68 #SUP: 2
54 83 122 68 87 #SUP: 2
6 83 122 68 87 54 #SUP: 2
6 83 122 68 87 #SUP: 2
54 83 122 68 #SUP: 2
6 83 122 68 54 #SUP: 2
6 83 122 68 #SUP: 2
87 83 122 #SUP: 2
54 83 122 87 #SUP: 2
6 83 122 87 54 #SUP: 2
6 83 122 87 #SUP: 2
54 83 122 #SUP: 2
6 83 122 54 #SUP: 2
6 83 122 #SUP: 2
65 83 #SUP: 2
68 83 65 #SUP: 2
54 83 65 68 #SUP: 2
6 83 65 68 54 #SUP: 2
6 83 65 68 #SUP: 2
54 83 65 #SUP: 2
6 83 65 54 #SUP: 2
6 83 65 #SUP: 2
68 83 #SUP: 3
87 83 68 #SUP: 2
54 83 68 87 #SUP: 2
6 83 68 87 54 #SUP: 2
6 83 68 87 #SUP: 2
54 83 68 #SUP: 3
6 83 68 54 #SUP: 3
6 83 68 #SUP: 3
87 83 #SUP: 2
54 83 87 #SUP: 2
6 83 87 54 #SUP: 2
6 83 87 #SUP: 2
54 83 #SUP: 3
6 83 54 #SUP: 3
6 83 #SUP: 3
89  #SUP: 4
64 89 #SUP: 2
122 89 64 #SUP: 2
68 89 64 122 #SUP: 2
87 89 64 122 68 #SUP: 2
54 89 64 122 68 87 #SUP: 2
6 89 64 122 68 87 54 #SUP: 2
6 89 64 122 68 87 #SUP: 2
54 89 64 122 68 #SUP: 2
6 89 64 122 68 54 #SUP: 2
6 89 64 122 68 #SUP: 2
87 89 64 122 #SUP: 2
54 89 64 122 87 #SUP: 2
6 89 64 122 87 54 #SUP: 2
6 89 64 122 87 #SUP: 2
54 89 64 122 #SUP: 2
6 89 64 122 54 #SUP: 2
6 89 64 122 #SUP: 2
68 89 64 #SUP: 2
87 89 64 68 #SUP: 2
54 89 64 68 87 #SUP: 2
6 89 64 68 87 54 #SUP: 2
6 89 64 68 87 #SUP: 2
54 89 64 68 #SUP: 2
6 89 64 68 54 #SUP: 2
6 89 64 68 #SUP: 2
87 89 64 #SUP: 2
54 89 64 87 #SUP: 2
6 89 64 87 54 #SUP: 2
6 89 64 87 #SUP: 2
54 89 64 #SUP: 2
6 89 64 54 #SUP: 2
6 89 64 #SUP: 2
122 89 #SUP: 3
65 89 122 #SUP: 2
68 89 122 65 #SUP: 2
87 89 122 65 68 #SUP: 2
6 89 122 65 68 87 #SUP: 2
6 89 122 65 68 #SUP: 2
87 89 122 65 #SUP: 2
6 89 122 65 87 #SUP: 2
6 89 122 65 #SUP: 2
68 89 122 #SUP: 3
87 89 122 68 #SUP: 3
54 89 122 68 87 #SUP: 2
6 89 122 68 87 54 #SUP: 2
6 89 122 68 87 #SUP: 3
54 89 122 68 #SUP: 2
6 89 122 68 54 #SUP: 2
6 89 122 68 #SUP: 3
87 89 122 #SUP: 3
54 89 122 87 #SUP: 2
6 89 122 87 54 #SUP: 2
6 89 122 87 #SUP: 3
54 89 122 #SUP: 2
6 89 122 54 #SUP: 2
6 89 122 #SUP: 3
65 89 #SUP: 3
68 89 65 #SUP: 3
87 89 65 68 #SUP: 2
6 89 65 68 87 #SUP: 2
67 89 65 68 #SUP: 2
6 89 65 68 #SUP: 2
87 89 65 #SUP: 2
6 89 65 87 #SUP: 2
67 89 65 #SUP: 2
6 89 65 #SUP: 2
68 89 #SUP: 4
87 89 68 #SUP: 3
54 89 68 87 #SUP: 2
6 89 68 87 54 #SUP: 2
6 89 68 87 #SUP: 3
54 89 68 #SUP: 2
6 89 68 54 #SUP: 2
67 89 68 #SUP: 2
6 89 68 #SUP: 3
87 89 #SUP: 3
54 89 87 #SUP: 2
6 89 87 54 #SUP: 2
6 89 87 #SUP: 3
54 89 #SUP: 2
6 89 54 #SUP: 2
67 89 #SUP: 2
6 89 #SUP: 3
97  #SUP: 4
15 97 #SUP: 2
51 97 #SUP: 2
6 97 51 #SUP: 2
87 97 #SUP: 2
6 97 #SUP: 2
15  #SUP: 5
50 15 #SUP: 2
51 15 50 #SUP: 2
52 15 50 51 #SUP: 2
6 15 50 51 52 #SUP: 2
6 15 50 51 #SUP: 2
52 15 50 #SUP: 2
6 15 50 52 #SUP: 2
6 15 50 #SUP: 2
51 15 #SUP: 2
52 15 51 #SUP: 2
6 15 51 52 #SUP: 2
6 15 51 #SUP: 2
52 15 #SUP: 2
6 15 52 #SUP: 2
6 15 #SUP: 3
50  #SUP: 5
51 50 #SUP: 3
54 50 51 #SUP: 2
52 50 51 54 #SUP: 2
6 50 51 54 52 #SUP: 2
6 50 51 54 #SUP: 2
52 50 51 #SUP: 3
6 50 51 52 #SUP: 3
6 50 51 #SUP: 3
122 50 #SUP: 2
53 50 #SUP: 2
52 50 53 #SUP: 2
6 50 53 52 #SUP: 2
6 50 53 #SUP: 2
54 50 #SUP: 2
52 50 54 #SUP: 2
6 50 54 52 #SUP: 2
6 50 54 #SUP: 2
67 50 #SUP: 2
52 50 67 #SUP: 2
6 50 67 52 #SUP: 2
6 50 67 #SUP: 2
52 50 #SUP: 4
6 50 52 #SUP: 4
6 50 #SUP: 4
51  #SUP: 5
65 51 #SUP: 2
68 51 65 #SUP: 2
52 51 65 68 #SUP: 2
6 51 65 68 52 #SUP: 2
6 51 65 68 #SUP: 2
52 51 65 #SUP: 2
6 51 65 52 #SUP: 2
6 51 65 #SUP: 2
68 51 #SUP: 2
52 51 68 #SUP: 2
6 51 68 52 #SUP: 2
6 51 68 #SUP: 2
54 51 #SUP: 3
81 51 54 #SUP: 2
52 51 54 81 #SUP: 2
6 51 54 81 52 #SUP: 2
6 51 54 81 #SUP: 2
52 51 54 #SUP: 3
6 51 54 52 #SUP: 3
6 51 54 #SUP: 3
67 51 #SUP: 2
6 51 67 #SUP: 2
81 51 #SUP: 2
52 51 81 #SUP: 2
6 51 81 52 #SUP: 2
6 51 81 #SUP: 2
52 51 #SUP: 4
6 51 52 #SUP: 4
6 51 #SUP: 5
64  #SUP: 5
122 64 #SUP: 2
68 64 122 #SUP: 2
87 64 122 68 #SUP: 2
54 64 122 68 87 #SUP: 2
6 64 122 68 87 54 #SUP: 2
6 64 122 68 87 #SUP: 2
54 64 122 68 #SUP: 2
6 64 122 68 54 #SUP: 2
6 64 122 68 #SUP: 2
87 64 122 #SUP: 2
54 64 122 87 #SUP: 2
6 64 122 87 54 #SUP: 2
6 64 122 87 #SUP: 2
54 64 122 #SUP: 2
6 64 122 54 #SUP: 2
6 64 122 #SUP: 2
65 64 #SUP: 3
68 64 65 #SUP: 3
54 64 65 68 #SUP: 3
67 64 65 68 54 #SUP: 2
6 64 65 68 54 #SUP: 2
67 64 65 68 #SUP: 2
6 64 65 68 #SUP: 2
54 64 65 #SUP: 3
67 64 65 54 #SUP: 2
6 64 65 54 #SUP: 2
67 64 65 #SUP: 2
6 64 65 #SUP: 2
68 64 #SUP: 4
87 64 68 #SUP: 2
54 64 68 87 #SUP: 2
6 64 68 87 54 #SUP: 2
6 64 68 87 #SUP: 2
54 64 68 #SUP: 4
67 64 68 54 #SUP: 2
6 64 68 54 #SUP: 3
67 64 68 #SUP: 2
6 64 68 #SUP: 3
87 64 #SUP: 2
54 64 87 #SUP: 2
6 64 87 54 #SUP: 2
6 64 87 #SUP: 2
54 64 #SUP: 4
67 64 54 #SUP: 2
6 64 54 #SUP: 3
67 64 #SUP: 2
81 64 #SUP: 2
6 64 81 #SUP: 2
6 64 #SUP: 4
122  #SUP: 5
65 122 #SUP: 3
68 122 65 #SUP: 2
87 122 65 68 #SUP: 2
6 122 65 68 87 #SUP: 2
6 122 65 68 #SUP: 2
87 122 65 #SUP: 3
54 122 65 87 #SUP: 2
67 122 65 87 54 #SUP: 2
67 122 65 87 #SUP: 2
6 122 65 87 #SUP: 2
54 122 65 #SUP: 2
67 122 65 54 #SUP: 2
67 122 65 #SUP: 2
6 122 65 #SUP: 2
68 122 #SUP: 3
87 122 68 #SUP: 3
54 122 68 87 #SUP: 2
6 122 68 87 54 #SUP: 2
6 122 68 87 #SUP: 3
54 122 68 #SUP: 2
6 122 68 54 #SUP: 2
6 122 68 #SUP: 3
87 122 #SUP: 4
54 122 87 #SUP: 3
67 122 87 54 #SUP: 2
6 122 87 54 #SUP: 2
67 122 87 #SUP: 2
6 122 87 #SUP: 3
54 122 #SUP: 3
67 122 54 #SUP: 2
6 122 54 #SUP: 2
67 122 #SUP: 2
6 122 #SUP: 3
65  #SUP: 6
68 65 #SUP: 5
87 65 68 #SUP: 2
6 65 68 87 #SUP: 2
54 65 68 #SUP: 3
67 65 68 54 #SUP: 2
6 65 68 54 #SUP: 2
67 65 68 #SUP: 3
81 65 68 #SUP: 2
52 65 68 #SUP: 2
6 65 68 52 #SUP: 2
6 65 68 #SUP: 3
87 65 #SUP: 3
54 65 87 #SUP: 2
67 65 87 54 #SUP: 2
67 65 87 #SUP: 2
6 65 87 #SUP: 2
54 65 #SUP: 4
67 65 54 #SUP: 3
81 65 54 #SUP: 2
6 65 54 #SUP: 2
67 65 #SUP: 4
81 65 67 #SUP: 2
81 65 #SUP: 3
52 65 #SUP: 2
6 65 52 #SUP: 2
6 65 #SUP: 3
68  #SUP: 6
87 68 #SUP: 3
54 68 87 #SUP: 2
6 68 87 54 #SUP: 2
6 68 87 #SUP: 3
54 68 #SUP: 4
67 68 54 #SUP: 2
6 68 54 #SUP: 3
67 68 #SUP: 3
81 68 #SUP: 2
52 68 #SUP: 2
6 68 52 #SUP: 2
6 68 #SUP: 4
87  #SUP: 6
54 87 #SUP: 3
67 87 54 #SUP: 2
6 87 54 #SUP: 2
67 87 #SUP: 2
81 87 #SUP: 2
52 87 #SUP: 2
6 87 52 #SUP: 2
6 87 #SUP: 4
53  #SUP: 7
81 53 #SUP: 2
52 53 81 #SUP: 2
6 53 81 52 #SUP: 2
6 53 81 #SUP: 2
52 53 #SUP: 6
6 53 52 #SUP: 6
6 53 #SUP: 7
54  #SUP: 7
67 54 #SUP: 4
81 54 67 #SUP: 2
6 54 67 #SUP: 2
81 54 #SUP: 3
52 54 81 #SUP: 2
6 54 81 52 #SUP: 2
6 54 81 #SUP: 2
52 54 #SUP: 3
6 54 52 #SUP: 3
6 54 #SUP: 5
67  #SUP: 7
81 67 #SUP: 3
52 67 #SUP: 2
6 67 52 #SUP: 2
6 67 #SUP: 4
81  #SUP: 7
52 81 #SUP: 4
6 81 52 #SUP: 4
6 81 #SUP: 5
52  #SUP: 10
6 52 #SUP: 9
6  #SUP: 16
