11  #SUP: 2
64 11 #SUP: 2
54 11 64 #SUP: 2
68 11 64 54 #SUP: 2
83 11 64 54 68 #SUP: 2
87 11 64 54 68 83 #SUP: 2
89 11 64 54 68 83 87 #SUP: 2
138 11 64 54 68 83 87 89 #SUP: 2
122 11 64 54 68 83 87 89 138 #SUP: 2
6 11 64 54 68 83 87 89 138 122 #SUP: 2
6 11 64 54 68 83 87 89 138 #SUP: 2
122 11 64 54 68 83 87 89 #SUP: 2
6 11 64 54 68 83 87 89 122 #SUP: 2
6 11 64 54 68 83 87 89 #SUP: 2
138 11 64 54 68 83 87 #SUP: 2
122 11 64 54 68 83 87 138 #SUP: 2
6 11 64 54 68 83 87 138 122 #SUP: 2
6 11 64 54 68 83 87 138 #SUP: 2
122 11 64 54 68 83 87 #SUP: 2
6 11 64 54 68 83 87 122 #SUP: 2
6 11 64 54 68 83 87 #SUP: 2
89 11 64 54 68 83 #SUP: 2
138 11 64 54 68 83 89 #SUP: 2
122 11 64 54 68 83 89 138 #SUP: 2
6 11 64 54 68 83 89 138 122 #SUP: 2
6 11 64 54 68 83 89 138 #SUP: 2
122 11 64 54 68 83 89 #SUP: 2
6 11 64 54 68 83 89 122 #SUP: 2
6 11 64 54 68 83 89 #SUP: 2
138 11 64 54 68 83 #SUP: 2
122 11 64 54 68 83 138 #SUP: 2
6 11 64 54 68 83 138 122 #SUP: 2
6 11 64 54 68 83 138 #SUP: 2
122 11 64 54 68 83 #SUP: 2
6 11 64 54 68 83 122 #SUP: 2
6 11 64 54 68 83 #SUP: 2
87 11 64 54 68 #SUP: 2
89 11 64 54 68 87 #SUP: 2
138 11 64 54 68 87 89 #SUP: 2
122 11 64 54 68 87 89 138 #SUP: 2
6 11 64 54 68 87 89 138 122 #SUP: 2
6 11 64 54 68 87 89 138 #SUP: 2
122 11 64 54 68 87 89 #SUP: 2
6 11 64 54 68 87 89 122 #SUP: 2
6 11 64 54 68 87 89 #SUP: 2
138 11 64 54 68 87 #SUP: 2
122 11 64 54 68 87 138 #SUP: 2
6 11 64 54 68 87 138 122 #SUP: 2
6 11 64 54 68 87 138 #SUP: 2
122 11 64 54 68 87 #SUP: 2
6 11 64 54 68 87 122 #SUP: 2
6 11 64 54 68 87 #SUP: 2
89 11 64 54 68 #SUP: 2
138 11 64 54 68 89 #SUP: 2
122 11 64 54 68 89 138 #SUP: 2
6 11 64 54 68 89 138 122 #SUP: 2
6 11 64 54 68 89 138 #SUP: 2
122 11 64 54 68 89 #SUP: 2
6 11 64 54 68 89 122 #SUP: 2
6 11 64 54 68 89 #SUP: 2
138 11 64 54 68 #SUP: 2
122 11 64 54 68 138 #SUP: 2
6 11 64 54 68 138 122 #SUP: 2
6 11 64 54 68 138 #SUP: 2
122 11 64 54 68 #SUP: 2
6 11 64 54 68 122 #SUP: 2
6 11 64 54 68 #SUP: 2
83 11 64 54 #SUP: 2
87 11 64 54 83 #SUP: 2
89 11 64 54 83 87 #SUP: 2
138 11 64 54 83 87 89 #SUP: 2
122 11 64 54 83 87 89 138 #SUP: 2
6 11 64 54 83 87 89 138 122 #SUP: 2
6 11 64 54 83 87 89 138 #SUP: 2
122 11 64 54 83 87 89 #SUP: 2
6 11 64 54 83 87 89 122 #SUP: 2
6 11 64 54 83 87 89 #SUP: 2
138 11 64 54 83 87 #SUP: 2
122 11 64 54 83 87 138 #SUP: 2
6 11 64 54 83 87 138 122 #SUP: 2
6 11 64 54 83 87 138 #SUP: 2
122 11 64 54 83 87 #SUP: 2
6 11 64 54 83 87 122 #SUP: 2
6 11 64 54 83 87 #SUP: 2
89 11 64 54 83 #SUP: 2
138 11 64 54 83 89 #SUP: 2
122 11 64 54 83 89 138 #SUP: 2
6 11 64 54 83 89 138 122 #SUP: 2
6 11 64 54 83 89 138 #SUP: 2
122 11 64 54 83 89 #SUP: 2
6 11 64 54 83 89 122 #SUP: 2
6 11 64 54 83 89 #SUP: 2
138 11 64 54 83 #SUP: 2
122 11 64 54 83 138 #SUP: 2
6 11 64 54 83 138 122 #SUP: 2
6 11 64 54 83 138 #SUP: 2
122 11 64 54 83 #SUP: 2
6 11 64 54 83 122 #SUP: 2
6 11 64 54 83 #SUP: 2
87 11 64 54 #SUP: 2
89 11 64 54 87 #SUP: 2
138 11 64 54 87 89 #SUP: 2
122 11 64 54 87 89 138 #SUP: 2
6 11 64 54 87 89 138 122 #SUP: 2
6 11 64 54 87 89 138 #SUP: 2
122 11 64 54 87 89 #SUP: 2
6 11 64 54 87 89 122 #SUP: 2
6 11 64 54 87 89 #SUP: 2
138 11 64 54 87 #SUP: 2
122 11 64 54 87 138 #SUP: 2
6 11 64 54 87 138 122 #SUP: 2
6 11 64 54 87 138 #SUP: 2
122 11 64 54 87 #SUP: 2
6 11 64 54 87 122 #SUP: 2
6 11 64 54 87 #SUP: 2
89 11 64 54 #SUP: 2
138 11 64 54 89 #SUP: 2
122 11 64 54 89 138 #SUP: 2
6 11 64 54 89 138 122 #SUP: 2
6 11 64 54 89 138 #SUP: 2
122 11 64 54 89 #SUP: 2
6 11 64 54 89 122 #SUP: 2
6 11 64 54 89 #SUP: 2
138 11 64 54 #SUP: 2
122 11 64 54 138 #SUP: 2
6 11 64 54 138 122 #SUP: 2
6 11 64 54 138 #SUP: 2
122 11 64 54 #SUP: 2
6 11 64 54 122 #SUP: 2
6 11 64 54 #SUP: 2
68 11 64 #SUP: 2
83 11 64 68 #SUP: 2
87 11 64 68 83 #SUP: 2
89 11 64 68 83 87 #SUP: 2
138 11 64 68 83 87 89 #SUP: 2
122 11 64 68 83 87 89 138 #SUP: 2
6 11 64 68 83 87 89 138 122 #SUP: 2
6 11 64 68 83 87 89 138 #SUP: 2
122 11 64 68 83 87 89 #SUP: 2
6 11 64 68 83 87 89 122 #SUP: 2
6 11 64 68 83 87 89 #SUP: 2
138 11 64 68 83 87 #SUP: 2
122 11 64 68 83 87 138 #SUP: 2
6 11 64 68 83 87 138 122 #SUP: 2
6 11 64 68 83 87 138 #SUP: 2
122 11 64 68 83 87 #SUP: 2
6 11 64 68 83 87 122 #SUP: 2
6 11 64 68 83 87 #SUP: 2
89 11 64 68 83 #SUP: 2
138 11 64 68 83 89 #SUP: 2
122 11 64 68 83 89 138 #SUP: 2
6 11 64 68 83 89 138 122 #SUP: 2
6 11 64 68 83 89 138 #SUP: 2
122 11 64 68 83 89 #SUP: 2
6 11 64 68 83 89 122 #SUP: 2
6 11 64 68 83 89 #SUP: 2
138 11 64 68 83 #SUP: 2
122 11 64 68 83 138 #SUP: 2
6 11 64 68 83 138 122 #SUP: 2
6 11 64 68 83 138 #SUP: 2
122 11 64 68 83 #SUP: 2
6 11 64 68 83 122 #SUP: 2
6 11 64 68 83 #SUP: 2
87 11 64 68 #SUP: 2
89 11 64 68 87 #SUP: 2
138 11 64 68 87 89 #SUP: 2
122 11 64 68 87 89 138 #SUP: 2
6 11 64 68 87 89 138 122 #SUP: 2
6 11 64 68 87 89 138 #SUP: 2
122 11 64 68 87 89 #SUP: 2
6 11 64 68 87 89 122 #SUP: 2
6 11 64 68 87 89 #SUP: 2
138 11 64 68 87 #SUP: 2
122 11 64 68 87 138 #SUP: 2
6 11 64 68 87 138 122 #SUP: 2
6 11 64 68 87 138 #SUP: 2
122 11 64 68 87 #SUP: 2
6 11 64 68 87 122 #SUP: 2
6 11 64 68 87 #SUP: 2
89 11 64 68 #SUP: 2
138 11 64 68 89 #SUP: 2
122 11 64 68 89 138 #SUP: 2
6 11 64 68 89 138 122 #SUP: 2
6 11 64 68 89 138 #SUP: 2
122 11 64 68 89 #SUP: 2
6 11 64 68 89 122 #SUP: 2
6 11 64 68 89 #SUP: 2
138 11 64 68 #SUP: 2
122 11 64 68 138 #SUP: 2
6 11 64 68 138 122 #SUP: 2
6 11 64 68 138 #SUP: 2
122 11 64 68 #SUP: 2
6 11 64 68 122 #SUP: 2
6 11 64 68 #SUP: 2
83 11 64 #SUP: 2
87 11 64 83 #SUP: 2
89 11 64 83 87 #SUP: 2
138 11 64 83 87 89 #SUP: 2
122 11 64 83 87 89 138 #SUP: 2
6 11 64 83 87 89 138 122 #SUP: 2
6 11 64 83 87 89 138 #SUP: 2
122 11 64 83 87 89 #SUP: 2
6 11 64 83 87 89 122 #SUP: 2
6 11 64 83 87 89 #SUP: 2
138 11 64 83 87 #SUP: 2
122 11 64 83 87 138 #SUP: 2
6 11 64 83 87 138 122 #SUP: 2
6 11 64 83 87 138 #SUP: 2
122 11 64 83 87 #SUP: 2
6 11 64 83 87 122 #SUP: 2
6 11 64 83 87 #SUP: 2
89 11 64 83 #SUP: 2
138 11 64 83 89 #SUP: 2
122 11 64 83 89 138 #SUP: 2
6 11 64 83 89 138 122 #SUP: 2
6 11 64 83 89 138 #SUP: 2
122 11 64 83 89 #SUP: 2
6 11 64 83 89 122 #SUP: 2
6 11 64 83 89 #SUP: 2
138 11 64 83 #SUP: 2
122 11 64 83 138 #SUP: 2
6 11 64 83 138 122 #SUP: 2
6 11 64 83 138 #SUP: 2
122 11 64 83 #SUP: 2
6 11 64 83 122 #SUP: 2
6 11 64 83 #SUP: 2
87 11 64 #SUP: 2
89 11 64 87 #SUP: 2
138 11 64 87 89 #SUP: 2
122 11 64 87 89 138 #SUP: 2
6 11 64 87 89 138 122 #SUP: 2
6 11 64 87 89 138 #SUP: 2
122 11 64 87 89 #SUP: 2
6 11 64 87 89 122 #SUP: 2
6 11 64 87 89 #SUP: 2
138 11 64 87 #SUP: 2
122 11 64 87 138 #SUP: 2
6 11 64 87 138 122 #SUP: 2
6 11 64 87 138 #SUP: 2
122 11 64 87 #SUP: 2
6 11 64 87 122 #SUP: 2
6 11 64 87 #SUP: 2
89 11 64 #SUP: 2
138 11 64 89 #SUP: 2
122 11 64 89 138 #SUP: 2
6 11 64 89 138 122 #SUP: 2
6 11 64 89 138 #SUP: 2
122 11 64 89 #SUP: 2
6 11 64 89 122 #SUP: 2
6 11 64 89 #SUP: 2
138 11 64 #SUP: 2
122 11 64 138 #SUP: 2
6 11 64 138 122 #SUP: 2
6 11 64 138 #SUP: 2
122 11 64 #SUP: 2
6 11 64 122 #SUP: 2
6 11 64 #SUP: 2
54 11 #SUP: 2
68 11 54 #SUP: 2
83 11 54 68 #SUP: 2
87 11 54 68 83 #SUP: 2
89 11 54 68 83 87 #SUP: 2
138 11 54 68 83 87 89 #SUP: 2
122 11 54 68 83 87 89 138 #SUP: 2
6 11 54 68 83 87 89 138 122 #SUP: 2
6 11 54 68 83 87 89 138 #SUP: 2
122 11 54 68 83 87 89 #SUP: 2
6 11 54 68 83 87 89 122 #SUP: 2
6 11 54 68 83 87 89 #SUP: 2
138 11 54 68 83 87 #SUP: 2
122 11 54 68 83 87 138 #SUP: 2
6 11 54 68 83 87 138 122 #SUP: 2
6 11 54 68 83 87 138 #SUP: 2
122 11 54 68 83 87 #SUP: 2
6 11 54 68 83 87 122 #SUP: 2
6 11 54 68 83 87 #SUP: 2
89 11 54 68 83 #SUP: 2
138 11 54 68 83 89 #SUP: 2
122 11 54 68 83 89 138 #SUP: 2
6 11 54 68 83 89 138 122 #SUP: 2
6 11 54 68 83 89 138 #SUP: 2
122 11 54 68 83 89 #SUP: 2
6 11 54 68 83 89 122 #SUP: 2
6 11 54 68 83 89 #SUP: 2
138 11 54 68 83 #SUP: 2
122 11 54 68 83 138 #SUP: 2
6 11 54 68 83 138 122 #SUP: 2
6 11 54 68 83 138 #SUP: 2
122 11 54 68 83 #SUP: 2
6 11 54 68 83 122 #SUP: 2
6 11 54 68 83 #SUP: 2
87 11 54 68 #SUP: 2
89 11 54 68 87 #SUP: 2
138 11 54 68 87 89 #SUP: 2
122 11 54 68 87 89 138 #SUP: 2
6 11 54 68 87 89 138 122 #SUP: 2
6 11 54 68 87 89 138 #SUP: 2
122 11 54 68 87 89 #SUP: 2
6 11 54 68 87 89 122 #SUP: 2
6 11 54 68 87 89 #SUP: 2
138 11 54 68 87 #SUP: 2
122 11 54 68 87 138 #SUP: 2
6 11 54 68 87 138 122 #SUP: 2
6 11 54 68 87 138 #SUP: 2
122 11 54 68 87 #SUP: 2
6 11 54 68 87 122 #SUP: 2
6 11 54 68 87 #SUP: 2
89 11 54 68 #SUP: 2
138 11 54 68 89 #SUP: 2
122 11 54 68 89 138 #SUP: 2
6 11 54 68 89 138 122 #SUP: 2
6 11 54 68 89 138 #SUP: 2
122 11 54 68 89 #SUP: 2
6 11 54 68 89 122 #SUP: 2
6 11 54 68 89 #SUP: 2
138 11 54 68 #SUP: 2
122 11 54 68 138 #SUP: 2
6 11 54 68 138 122 #SUP: 2
6 11 54 68 138 #SUP: 2
122 11 54 68 #SUP: 2
6 11 54 68 122 #SUP: 2
6 11 54 68 #SUP: 2
83 11 54 #SUP: 2
87 11 54 83 #SUP: 2
89 11 54 83 87 #SUP: 2
138 11 54 83 87 89 #SUP: 2
122 11 54 83 87 89 138 #SUP: 2
6 11 54 83 87 89 138 122 #SUP: 2
6 11 54 83 87 89 138 #SUP: 2
122 11 54 83 87 89 #SUP: 2
6 11 54 83 87 89 122 #SUP: 2
6 11 54 83 87 89 #SUP: 2
138 11 54 83 87 #SUP: 2
122 11 54 83 87 138 #SUP: 2
6 11 54 83 87 138 122 #SUP: 2
6 11 54 83 87 138 #SUP: 2
122 11 54 83 87 #SUP: 2
6 11 54 83 87 122 #SUP: 2
6 11 54 83 87 #SUP: 2
89 11 54 83 #SUP: 2
138 11 54 83 89 #SUP: 2
122 11 54 83 89 138 #SUP: 2
6 11 54 83 89 138 122 #SUP: 2
6 11 54 83 89 138 #SUP: 2
122 11 54 83 89 #SUP: 2
6 11 54 83 89 122 #SUP: 2
6 11 54 83 89 #SUP: 2
138 11 54 83 #SUP: 2
122 11 54 83 138 #SUP: 2
6 11 54 83 138 122 #SUP: 2
6 11 54 83 138 #SUP: 2
122 11 54 83 #SUP: 2
6 11 54 83 122 #SUP: 2
6 11 54 83 #SUP: 2
87 11 54 #SUP: 2
89 11 54 87 #SUP: 2
138 11 54 87 89 #SUP: 2
122 11 54 87 89 138 #SUP: 2
6 11 54 87 89 138 122 #SUP: 2
6 11 54 87 89 138 #SUP: 2
122 11 54 87 89 #SUP: 2
6 11 54 87 89 122 #SUP: 2
6 11 54 87 89 #SUP: 2
138 11 54 87 #SUP: 2
122 11 54 87 138 #SUP: 2
6 11 54 87 138 122 #SUP: 2
6 11 54 87 138 #SUP: 2
122 11 54 87 #SUP: 2
6 11 54 87 122 #SUP: 2
6 11 54 87 #SUP: 2
89 11 54 #SUP: 2
138 11 54 89 #SUP: 2
122 11 54 89 138 #SUP: 2
6 11 54 89 138 122 #SUP: 2
6 11 54 89 138 #SUP: 2
122 11 54 89 #SUP: 2
6 11 54 89 122 #SUP: 2
6 11 54 89 #SUP: 2
138 11 54 #SUP: 2
122 11 54 138 #SUP: 2
6 11 54 138 122 #SUP: 2
6 11 54 138 #SUP: 2
122 11 54 #SUP: 2
6 11 54 122 #SUP: 2
6 11 54 #SUP: 2
68 11 #SUP: 2
83 11 68 #SUP: 2
87 11 68 83 #SUP: 2
89 11 68 83 87 #SUP: 2
138 11 68 83 87 89 #SUP: 2
122 11 68 83 87 89 138 #SUP: 2
6 11 68 83 87 89 138 122 #SUP: 2
6 11 68 83 87 89 138 #SUP: 2
122 11 68 83 87 89 #SUP: 2
6 11 68 83 87 89 122 #SUP: 2
6 11 68 83 87 89 #SUP: 2
138 11 68 83 87 #SUP: 2
122 11 68 83 87 138 #SUP: 2
6 11 68 83 87 138 122 #SUP: 2
6 11 68 83 87 138 #SUP: 2
122 11 68 83 87 #SUP: 2
6 11 68 83 87 122 #SUP: 2
6 11 68 83 87 #SUP: 2
89 11 68 83 #SUP: 2
138 11 68 83 89 #SUP: 2
122 11 68 83 89 138 #SUP: 2
6 11 68 83 89 138 122 #SUP: 2
6 11 68 83 89 138 #SUP: 2
122 11 68 83 89 #SUP: 2
6 11 68 83 89 122 #SUP: 2
6 11 68 83 89 #SUP: 2
138 11 68 83 #SUP: 2
122 11 68 83 138 #SUP: 2
6 11 68 83 138 122 #SUP: 2
6 11 68 83 138 #SUP: 2
122 11 68 83 #SUP: 2
6 11 68 83 122 #SUP: 2
6 11 68 83 #SUP: 2
87 11 68 #SUP: 2
89 11 68 87 #SUP: 2
138 11 68 87 89 #SUP: 2
122 11 68 87 89 138 #SUP: 2
6 11 68 87 89 138 122 #SUP: 2
6 11 68 87 89 138 #SUP: 2
122 11 68 87 89 #SUP: 2
6 11 68 87 89 122 #SUP: 2
6 11 68 87 89 #SUP: 2
138 11 68 87 #SUP: 2
122 11 68 87 138 #SUP: 2
6 11 68 87 138 122 #SUP: 2
6 11 68 87 138 #SUP: 2
122 11 68 87 #SUP: 2
6 11 68 87 122 #SUP: 2
6 11 68 87 #SUP: 2
89 11 68 #SUP: 2
138 11 68 89 #SUP: 2
122 11 68 89 138 #SUP: 2
6 11 68 89 138 122 #SUP: 2
6 11 68 89 138 #SUP: 2
122 11 68 89 #SUP: 2
6 11 68 89 122 #SUP: 2
6 11 68 89 #SUP: 2
138 11 68 #SUP: 2
122 11 68 138 #SUP: 2
6 11 68 138 122 #SUP: 2
6 11 68 138 #SUP: 2
122 11 68 #SUP: 2
6 11 68 122 #SUP: 2
6 11 68 #SUP: 2
83 11 #SUP: 2
87 11 83 #SUP: 2
89 11 83 87 #SUP: 2
138 11 83 87 89 #SUP: 2
122 11 83 87 89 138 #SUP: 2
6 11 83 87 89 138 122 #SUP: 2
6 11 83 87 89 138 #SUP: 2
122 11 83 87 89 #SUP: 2
6 11 83 87 89 122 #SUP: 2
6 11 83 87 89 #SUP: 2
138 11 83 87 #SUP: 2
122 11 83 87 138 #SUP: 2
6 11 83 87 138 122 #SUP: 2
6 11 83 87 138 #SUP: 2
122 11 83 87 #SUP: 2
6 11 83 87 122 #SUP: 2
6 11 83 87 #SUP: 2
89 11 83 #SUP: 2
138 11 83 89 #SUP: 2
122 11 83 89 138 #SUP: 2
6 11 83 89 138 122 #SUP: 2
6 11 83 89 138 #SUP: 2
122 11 83 89 #SUP: 2
6 11 83 89 122 #SUP: 2
6 11 83 89 #SUP: 2
138 11 83 #SUP: 2
122 11 83 138 #SUP: 2
6 11 83 138 122 #SUP: 2
6 11 83 138 #SUP: 2
122 11 83 #SUP: 2
6 11 83 122 #SUP: 2
6 11 83 #SUP: 2
87 11 #SUP: 2
89 11 87 #SUP: 2
138 11 87 89 #SUP: 2
122 11 87 89 138 #SUP: 2
6 11 87 89 138 122 #SUP: 2
6 11 87 89 138 #SUP: 2
122 11 87 89 #SUP: 2
6 11 87 89 122 #SUP: 2
6 11 87 89 #SUP: 2
138 11 87 #SUP: 2
122 11 87 138 #SUP: 2
6 11 87 138 122 #SUP: 2
6 11 87 138 #SUP: 2
122 11 87 #SUP: 2
6 11 87 122 #SUP: 2
6 11 87 #SUP: 2
89 11 #SUP: 2
138 11 89 #SUP: 2
122 11 89 138 #SUP: 2
6 11 89 138 122 #SUP: 2
6 11 89 138 #SUP: 2
122 11 89 #SUP: 2
6 11 89 122 #SUP: 2
6 11 89 #SUP: 2
138 11 #SUP: 2
122 11 138 #SUP: 2
6 11 138 122 #SUP: 2
6 11 138 #SUP: 2
122 11 #SUP: 2
6 11 122 #SUP: 2
6 11 #SUP: 2
50  #SUP: 2
52  #SUP: 2
64  #SUP: 2
54 64 #SUP: 2
68 64 54 #SUP: 2
83 64 54 68 #SUP: 2
87 64 54 68 83 #SUP: 2
89 64 54 68 83 87 #SUP: 2
138 64 54 68 83 87 89 #SUP: 2
122 64 54 68 83 87 89 138 #SUP: 2
6 64 54 68 83 87 89 138 122 #SUP: 2
6 64 54 68 83 87 89 138 #SUP: 2
122 64 54 68 83 87 89 #SUP: 2
6 64 54 68 83 87 89 122 #SUP: 2
6 64 54 68 83 87 89 #SUP: 2
138 64 54 68 83 87 #SUP: 2
122 64 54 68 83 87 138 #SUP: 2
6 64 54 68 83 87 138 122 #SUP: 2
6 64 54 68 83 87 138 #SUP: 2
122 64 54 68 83 87 #SUP: 2
6 64 54 68 83 87 122 #SUP: 2
6 64 54 68 83 87 #SUP: 2
89 64 54 68 83 #SUP: 2
138 64 54 68 83 89 #SUP: 2
122 64 54 68 83 89 138 #SUP: 2
6 64 54 68 83 89 138 122 #SUP: 2
6 64 54 68 83 89 138 #SUP: 2
122 64 54 68 83 89 #SUP: 2
6 64 54 68 83 89 122 #SUP: 2
6 64 54 68 83 89 #SUP: 2
138 64 54 68 83 #SUP: 2
122 64 54 68 83 138 #SUP: 2
6 64 54 68 83 138 122 #SUP: 2
6 64 54 68 83 138 #SUP: 2
122 64 54 68 83 #SUP: 2
6 64 54 68 83 122 #SUP: 2
6 64 54 68 83 #SUP: 2
87 64 54 68 #SUP: 2
89 64 54 68 87 #SUP: 2
138 64 54 68 87 89 #SUP: 2
122 64 54 68 87 89 138 #SUP: 2
6 64 54 68 87 89 138 122 #SUP: 2
6 64 54 68 87 89 138 #SUP: 2
122 64 54 68 87 89 #SUP: 2
6 64 54 68 87 89 122 #SUP: 2
6 64 54 68 87 89 #SUP: 2
138 64 54 68 87 #SUP: 2
122 64 54 68 87 138 #SUP: 2
6 64 54 68 87 138 122 #SUP: 2
6 64 54 68 87 138 #SUP: 2
122 64 54 68 87 #SUP: 2
6 64 54 68 87 122 #SUP: 2
6 64 54 68 87 #SUP: 2
89 64 54 68 #SUP: 2
138 64 54 68 89 #SUP: 2
122 64 54 68 89 138 #SUP: 2
6 64 54 68 89 138 122 #SUP: 2
6 64 54 68 89 138 #SUP: 2
122 64 54 68 89 #SUP: 2
6 64 54 68 89 122 #SUP: 2
6 64 54 68 89 #SUP: 2
138 64 54 68 #SUP: 2
122 64 54 68 138 #SUP: 2
6 64 54 68 138 122 #SUP: 2
6 64 54 68 138 #SUP: 2
122 64 54 68 #SUP: 2
6 64 54 68 122 #SUP: 2
6 64 54 68 #SUP: 2
83 64 54 #SUP: 2
87 64 54 83 #SUP: 2
89 64 54 83 87 #SUP: 2
138 64 54 83 87 89 #SUP: 2
122 64 54 83 87 89 138 #SUP: 2
6 64 54 83 87 89 138 122 #SUP: 2
6 64 54 83 87 89 138 #SUP: 2
122 64 54 83 87 89 #SUP: 2
6 64 54 83 87 89 122 #SUP: 2
6 64 54 83 87 89 #SUP: 2
138 64 54 83 87 #SUP: 2
122 64 54 83 87 138 #SUP: 2
6 64 54 83 87 138 122 #SUP: 2
6 64 54 83 87 138 #SUP: 2
122 64 54 83 87 #SUP: 2
6 64 54 83 87 122 #SUP: 2
6 64 54 83 87 #SUP: 2
89 64 54 83 #SUP: 2
138 64 54 83 89 #SUP: 2
122 64 54 83 89 138 #SUP: 2
6 64 54 83 89 138 122 #SUP: 2
6 64 54 83 89 138 #SUP: 2
122 64 54 83 89 #SUP: 2
6 64 54 83 89 122 #SUP: 2
6 64 54 83 89 #SUP: 2
138 64 54 83 #SUP: 2
122 64 54 83 138 #SUP: 2
6 64 54 83 138 122 #SUP: 2
6 64 54 83 138 #SUP: 2
122 64 54 83 #SUP: 2
6 64 54 83 122 #SUP: 2
6 64 54 83 #SUP: 2
87 64 54 #SUP: 2
89 64 54 87 #SUP: 2
138 64 54 87 89 #SUP: 2
122 64 54 87 89 138 #SUP: 2
6 64 54 87 89 138 122 #SUP: 2
6 64 54 87 89 138 #SUP: 2
122 64 54 87 89 #SUP: 2
6 64 54 87 89 122 #SUP: 2
6 64 54 87 89 #SUP: 2
138 64 54 87 #SUP: 2
122 64 54 87 138 #SUP: 2
6 64 54 87 138 122 #SUP: 2
6 64 54 87 138 #SUP: 2
122 64 54 87 #SUP: 2
6 64 54 87 122 #SUP: 2
6 64 54 87 #SUP: 2
89 64 54 #SUP: 2
138 64 54 89 #SUP: 2
122 64 54 89 138 #SUP: 2
6 64 54 89 138 122 #SUP: 2
6 64 54 89 138 #SUP: 2
122 64 54 89 #SUP: 2
6 64 54 89 122 #SUP: 2
6 64 54 89 #SUP: 2
138 64 54 #SUP: 2
122 64 54 138 #SUP: 2
6 64 54 138 122 #SUP: 2
6 64 54 138 #SUP: 2
122 64 54 #SUP: 2
6 64 54 122 #SUP: 2
6 64 54 #SUP: 2
68 64 #SUP: 2
83 64 68 #SUP: 2
87 64 68 83 #SUP: 2
89 64 68 83 87 #SUP: 2
138 64 68 83 87 89 #SUP: 2
122 64 68 83 87 89 138 #SUP: 2
6 64 68 83 87 89 138 122 #SUP: 2
6 64 68 83 87 89 138 #SUP: 2
122 64 68 83 87 89 #SUP: 2
6 64 68 83 87 89 122 #SUP: 2
6 64 68 83 87 89 #SUP: 2
138 64 68 83 87 #SUP: 2
122 64 68 83 87 138 #SUP: 2
6 64 68 83 87 138 122 #SUP: 2
6 64 68 83 87 138 #SUP: 2
122 64 68 83 87 #SUP: 2
6 64 68 83 87 122 #SUP: 2
6 64 68 83 87 #SUP: 2
89 64 68 83 #SUP: 2
138 64 68 83 89 #SUP: 2
122 64 68 83 89 138 #SUP: 2
6 64 68 83 89 138 122 #SUP: 2
6 64 68 83 89 138 #SUP: 2
122 64 68 83 89 #SUP: 2
6 64 68 83 89 122 #SUP: 2
6 64 68 83 89 #SUP: 2
138 64 68 83 #SUP: 2
122 64 68 83 138 #SUP: 2
6 64 68 83 138 122 #SUP: 2
6 64 68 83 138 #SUP: 2
122 64 68 83 #SUP: 2
6 64 68 83 122 #SUP: 2
6 64 68 83 #SUP: 2
87 64 68 #SUP: 2
89 64 68 87 #SUP: 2
138 64 68 87 89 #SUP: 2
122 64 68 87 89 138 #SUP: 2
6 64 68 87 89 138 122 #SUP: 2
6 64 68 87 89 138 #SUP: 2
122 64 68 87 89 #SUP: 2
6 64 68 87 89 122 #SUP: 2
6 64 68 87 89 #SUP: 2
138 64 68 87 #SUP: 2
122 64 68 87 138 #SUP: 2
6 64 68 87 138 122 #SUP: 2
6 64 68 87 138 #SUP: 2
122 64 68 87 #SUP: 2
6 64 68 87 122 #SUP: 2
6 64 68 87 #SUP: 2
89 64 68 #SUP: 2
138 64 68 89 #SUP: 2
122 64 68 89 138 #SUP: 2
6 64 68 89 138 122 #SUP: 2
6 64 68 89 138 #SUP: 2
122 64 68 89 #SUP: 2
6 64 68 89 122 #SUP: 2
6 64 68 89 #SUP: 2
138 64 68 #SUP: 2
122 64 68 138 #SUP: 2
6 64 68 138 122 #SUP: 2
6 64 68 138 #SUP: 2
122 64 68 #SUP: 2
6 64 68 122 #SUP: 2
6 64 68 #SUP: 2
83 64 #SUP: 2
87 64 83 #SUP: 2
89 64 83 87 #SUP: 2
138 64 83 87 89 #SUP: 2
122 64 83 87 89 138 #SUP: 2
6 64 83 87 89 138 122 #SUP: 2
6 64 83 87 89 138 #SUP: 2
122 64 83 87 89 #SUP: 2
6 64 83 87 89 122 #SUP: 2
6 64 83 87 89 #SUP: 2
138 64 83 87 #SUP: 2
122 64 83 87 138 #SUP: 2
6 64 83 87 138 122 #SUP: 2
6 64 83 87 138 #SUP: 2
122 64 83 87 #SUP: 2
6 64 83 87 122 #SUP: 2
6 64 83 87 #SUP: 2
89 64 83 #SUP: 2
138 64 83 89 #SUP: 2
122 64 83 89 138 #SUP: 2
6 64 83 89 138 122 #SUP: 2
6 64 83 89 138 #SUP: 2
122 64 83 89 #SUP: 2
6 64 83 89 122 #SUP: 2
6 64 83 89 #SUP: 2
138 64 83 #SUP: 2
122 64 83 138 #SUP: 2
6 64 83 138 122 #SUP: 2
6 64 83 138 #SUP: 2
122 64 83 #SUP: 2
6 64 83 122 #SUP: 2
6 64 83 #SUP: 2
87 64 #SUP: 2
89 64 87 #SUP: 2
138 64 87 89 #SUP: 2
122 64 87 89 138 #SUP: 2
6 64 87 89 138 122 #SUP: 2
6 64 87 89 138 #SUP: 2
122 64 87 89 #SUP: 2
6 64 87 89 122 #SUP: 2
6 64 87 89 #SUP: 2
138 64 87 #SUP: 2
122 64 87 138 #SUP: 2
6 64 87 138 122 #SUP: 2
6 64 87 138 #SUP: 2
122 64 87 #SUP: 2
6 64 87 122 #SUP: 2
6 64 87 #SUP: 2
89 64 #SUP: 2
138 64 89 #SUP: 2
122 64 89 138 #SUP: 2
6 64 89 138 122 #SUP: 2
6 64 89 138 #SUP: 2
122 64 89 #SUP: 2
6 64 89 122 #SUP: 2
6 64 89 #SUP: 2
138 64 #SUP: 2
122 64 138 #SUP: 2
6 64 138 122 #SUP: 2
6 64 138 #SUP: 2
122 64 #SUP: 2
6 64 122 #SUP: 2
6 64 #SUP: 2
66  #SUP: 2
75  #SUP: 2
67 75 #SUP: 2
76  #SUP: 2
81 76 #SUP: 2
65 76 81 #SUP: 2
67 76 81 65 #SUP: 2
67 76 81 #SUP: 2
65 76 #SUP: 2
67 76 65 #SUP: 2
67 76 #SUP: 2
81  #SUP: 2
65 81 #SUP: 2
67 81 65 #SUP: 2
67 81 #SUP: 2
104  #SUP: 2
118  #SUP: 2
54 118 #SUP: 2
65 118 54 #SUP: 2
87 118 54 65 #SUP: 2
122 118 54 65 87 #SUP: 2
67 118 54 65 87 122 #SUP: 2
67 118 54 65 87 #SUP: 2
122 118 54 65 #SUP: 2
67 118 54 65 122 #SUP: 2
67 118 54 65 #SUP: 2
87 118 54 #SUP: 2
122 118 54 87 #SUP: 2
67 118 54 87 122 #SUP: 2
67 118 54 87 #SUP: 2
122 118 54 #SUP: 2
67 118 54 122 #SUP: 2
67 118 54 #SUP: 2
65 118 #SUP: 2
87 118 65 #SUP: 2
122 118 65 87 #SUP: 2
67 118 65 87 122 #SUP: 2
67 118 65 87 #SUP: 2
122 118 65 #SUP: 2
67 118 65 122 #SUP: 2
67 118 65 #SUP: 2
87 118 #SUP: 2
122 118 87 #SUP: 2
67 118 87 122 #SUP: 2
67 118 87 #SUP: 2
122 118 #SUP: 2
67 118 122 #SUP: 2
67 118 #SUP: 2
145  #SUP: 2
6 145 #SUP: 2
167  #SUP: 2
54  #SUP: 3
65 54 #SUP: 2
87 54 65 #SUP: 2
122 54 65 87 #SUP: 2
67 54 65 87 122 #SUP: 2
67 54 65 87 #SUP: 2
122 54 65 #SUP: 2
67 54 65 122 #SUP: 2
67 54 65 #SUP: 2
68 54 #SUP: 2
83 54 68 #SUP: 2
87 54 68 83 #SUP: 2
89 54 68 83 87 #SUP: 2
138 54 68 83 87 89 #SUP: 2
122 54 68 83 87 89 138 #SUP: 2
6 54 68 83 87 89 138 122 #SUP: 2
6 54 68 83 87 89 138 #SUP: 2
122 54 68 83 87 89 #SUP: 2
6 54 68 83 87 89 122 #SUP: 2
6 54 68 83 87 89 #SUP: 2
138 54 68 83 87 #SUP: 2
122 54 68 83 87 138 #SUP: 2
6 54 68 83 87 138 122 #SUP: 2
6 54 68 83 87 138 #SUP: 2
122 54 68 83 87 #SUP: 2
6 54 68 83 87 122 #SUP: 2
6 54 68 83 87 #SUP: 2
89 54 68 83 #SUP: 2
138 54 68 83 89 #SUP: 2
122 54 68 83 89 138 #SUP: 2
6 54 68 83 89 138 122 #SUP: 2
6 54 68 83 89 138 #SUP: 2
122 54 68 83 89 #SUP: 2
6 54 68 83 89 122 #SUP: 2
6 54 68 83 89 #SUP: 2
138 54 68 83 #SUP: 2
122 54 68 83 138 #SUP: 2
6 54 68 83 138 122 #SUP: 2
6 54 68 83 138 #SUP: 2
122 54 68 83 #SUP: 2
6 54 68 83 122 #SUP: 2
6 54 68 83 #SUP: 2
87 54 68 #SUP: 2
89 54 68 87 #SUP: 2
138 54 68 87 89 #SUP: 2
122 54 68 87 89 138 #SUP: 2
6 54 68 87 89 138 122 #SUP: 2
6 54 68 87 89 138 #SUP: 2
122 54 68 87 89 #SUP: 2
6 54 68 87 89 122 #SUP: 2
6 54 68 87 89 #SUP: 2
138 54 68 87 #SUP: 2
122 54 68 87 138 #SUP: 2
6 54 68 87 138 122 #SUP: 2
6 54 68 87 138 #SUP: 2
122 54 68 87 #SUP: 2
6 54 68 87 122 #SUP: 2
6 54 68 87 #SUP: 2
89 54 68 #SUP: 2
138 54 68 89 #SUP: 2
122 54 68 89 138 #SUP: 2
6 54 68 89 138 122 #SUP: 2
6 54 68 89 138 #SUP: 2
122 54 68 89 #SUP: 2
6 54 68 89 122 #SUP: 2
6 54 68 89 #SUP: 2
138 54 68 #SUP: 2
122 54 68 138 #SUP: 2
6 54 68 138 122 #SUP: 2
6 54 68 138 #SUP: 2
122 54 68 #SUP: 2
6 54 68 122 #SUP: 2
6 54 68 #SUP: 2
83 54 #SUP: 2
87 54 83 #SUP: 2
89 54 83 87 #SUP: 2
138 54 83 87 89 #SUP: 2
122 54 83 87 89 138 #SUP: 2
6 54 83 87 89 138 122 #SUP: 2
6 54 83 87 89 138 #SUP: 2
122 54 83 87 89 #SUP: 2
6 54 83 87 89 122 #SUP: 2
6 54 83 87 89 #SUP: 2
138 54 83 87 #SUP: 2
122 54 83 87 138 #SUP: 2
6 54 83 87 138 122 #SUP: 2
6 54 83 87 138 #SUP: 2
122 54 83 87 #SUP: 2
6 54 83 87 122 #SUP: 2
6 54 83 87 #SUP: 2
89 54 83 #SUP: 2
138 54 83 89 #SUP: 2
122 54 83 89 138 #SUP: 2
6 54 83 89 138 122 #SUP: 2
6 54 83 89 138 #SUP: 2
122 54 83 89 #SUP: 2
6 54 83 89 122 #SUP: 2
6 54 83 89 #SUP: 2
138 54 83 #SUP: 2
122 54 83 138 #SUP: 2
6 54 83 138 122 #SUP: 2
6 54 83 138 #SUP: 2
122 54 83 #SUP: 2
6 54 83 122 #SUP: 2
6 54 83 #SUP: 2
87 54 #SUP: 3
89 54 87 #SUP: 2
138 54 87 89 #SUP: 2
122 54 87 89 138 #SUP: 2
6 54 87 89 138 122 #SUP: 2
6 54 87 89 138 #SUP: 2
122 54 87 89 #SUP: 2
6 54 87 89 122 #SUP: 2
6 54 87 89 #SUP: 2
138 54 87 #SUP: 2
122 54 87 138 #SUP: 2
6 54 87 138 122 #SUP: 2
6 54 87 138 #SUP: 2
122 54 87 #SUP: 3
6 54 87 122 #SUP: 2
67 54 87 122 #SUP: 2
6 54 87 #SUP: 2
67 54 87 #SUP: 2
89 54 #SUP: 2
138 54 89 #SUP: 2
122 54 89 138 #SUP: 2
6 54 89 138 122 #SUP: 2
6 54 89 138 #SUP: 2
122 54 89 #SUP: 2
6 54 89 122 #SUP: 2
6 54 89 #SUP: 2
138 54 #SUP: 2
122 54 138 #SUP: 2
6 54 138 122 #SUP: 2
6 54 138 #SUP: 2
122 54 #SUP: 3
6 54 122 #SUP: 2
67 54 122 #SUP: 2
6 54 #SUP: 2
67 54 #SUP: 2
65  #SUP: 3
68 65 #SUP: 2
89 65 68 #SUP: 2
67 65 68 89 #SUP: 2
67 65 68 #SUP: 2
87 65 #SUP: 2
122 65 87 #SUP: 2
67 65 87 122 #SUP: 2
67 65 87 #SUP: 2
89 65 #SUP: 2
67 65 89 #SUP: 2
122 65 #SUP: 2
67 65 122 #SUP: 2
67 65 #SUP: 3
68  #SUP: 3
83 68 #SUP: 2
87 68 83 #SUP: 2
89 68 83 87 #SUP: 2
138 68 83 87 89 #SUP: 2
122 68 83 87 89 138 #SUP: 2
6 68 83 87 89 138 122 #SUP: 2
6 68 83 87 89 138 #SUP: 2
122 68 83 87 89 #SUP: 2
6 68 83 87 89 122 #SUP: 2
6 68 83 87 89 #SUP: 2
138 68 83 87 #SUP: 2
122 68 83 87 138 #SUP: 2
6 68 83 87 138 122 #SUP: 2
6 68 83 87 138 #SUP: 2
122 68 83 87 #SUP: 2
6 68 83 87 122 #SUP: 2
6 68 83 87 #SUP: 2
89 68 83 #SUP: 2
138 68 83 89 #SUP: 2
122 68 83 89 138 #SUP: 2
6 68 83 89 138 122 #SUP: 2
6 68 83 89 138 #SUP: 2
122 68 83 89 #SUP: 2
6 68 83 89 122 #SUP: 2
6 68 83 89 #SUP: 2
138 68 83 #SUP: 2
122 68 83 138 #SUP: 2
6 68 83 138 122 #SUP: 2
6 68 83 138 #SUP: 2
122 68 83 #SUP: 2
6 68 83 122 #SUP: 2
6 68 83 #SUP: 2
87 68 #SUP: 2
89 68 87 #SUP: 2
138 68 87 89 #SUP: 2
122 68 87 89 138 #SUP: 2
6 68 87 89 138 122 #SUP: 2
6 68 87 89 138 #SUP: 2
122 68 87 89 #SUP: 2
6 68 87 89 122 #SUP: 2
6 68 87 89 #SUP: 2
138 68 87 #SUP: 2
122 68 87 138 #SUP: 2
6 68 87 138 122 #SUP: 2
6 68 87 138 #SUP: 2
122 68 87 #SUP: 2
6 68 87 122 #SUP: 2
6 68 87 #SUP: 2
89 68 #SUP: 3
138 68 89 #SUP: 2
122 68 89 138 #SUP: 2
6 68 89 138 122 #SUP: 2
6 68 89 138 #SUP: 2
122 68 89 #SUP: 2
6 68 89 122 #SUP: 2
6 68 89 #SUP: 2
67 68 89 #SUP: 2
138 68 #SUP: 2
122 68 138 #SUP: 2
6 68 138 122 #SUP: 2
6 68 138 #SUP: 2
122 68 #SUP: 2
6 68 122 #SUP: 2
6 68 #SUP: 2
67 68 #SUP: 2
83  #SUP: 3
87 83 #SUP: 2
89 83 87 #SUP: 2
138 83 87 89 #SUP: 2
122 83 87 89 138 #SUP: 2
6 83 87 89 138 122 #SUP: 2
6 83 87 89 138 #SUP: 2
122 83 87 89 #SUP: 2
6 83 87 89 122 #SUP: 2
6 83 87 89 #SUP: 2
138 83 87 #SUP: 2
122 83 87 138 #SUP: 2
6 83 87 138 122 #SUP: 2
6 83 87 138 #SUP: 2
122 83 87 #SUP: 2
6 83 87 122 #SUP: 2
6 83 87 #SUP: 2
89 83 #SUP: 2
138 83 89 #SUP: 2
122 83 89 138 #SUP: 2
6 83 89 138 122 #SUP: 2
6 83 89 138 #SUP: 2
122 83 89 #SUP: 2
6 83 89 122 #SUP: 2
6 83 89 #SUP: 2
138 83 #SUP: 2
122 83 138 #SUP: 2
6 83 138 122 #SUP: 2
6 83 138 #SUP: 2
122 83 #SUP: 3
6 83 122 #SUP: 2
6 83 #SUP: 2
87  #SUP: 3
89 87 #SUP: 2
138 87 89 #SUP: 2
122 87 89 138 #SUP: 2
6 87 89 138 122 #SUP: 2
6 87 89 138 #SUP: 2
122 87 89 #SUP: 2
6 87 89 122 #SUP: 2
6 87 89 #SUP: 2
138 87 #SUP: 2
122 87 138 #SUP: 2
6 87 138 122 #SUP: 2
6 87 138 #SUP: 2
122 87 #SUP: 3
6 87 122 #SUP: 2
67 87 122 #SUP: 2
6 87 #SUP: 2
67 87 #SUP: 2
89  #SUP: 3
138 89 #SUP: 2
122 89 138 #SUP: 2
6 89 138 122 #SUP: 2
6 89 138 #SUP: 2
122 89 #SUP: 2
6 89 122 #SUP: 2
6 89 #SUP: 2
67 89 #SUP: 2
138  #SUP: 3
122 138 #SUP: 2
6 138 122 #SUP: 2
6 138 #SUP: 3
67 138 6 #SUP: 2
67 138 #SUP: 2
122  #SUP: 4
6 122 #SUP: 2
67 122 #SUP: 2
6  #SUP: 5
67 6 #SUP: 3
67  #SUP: 5
