136 #SUP: 2
2 136 #SUP: 2
6 136 #SUP: 2
2 6 136 #SUP: 2
52 136 #SUP: 2
2 52 136 #SUP: 2
6 52 136 #SUP: 2
2 6 52 136 #SUP: 2
66 136 #SUP: 2
2 66 136 #SUP: 2
6 66 136 #SUP: 2
2 6 66 136 #SUP: 2
52 66 136 #SUP: 2
2 52 66 136 #SUP: 2
6 52 66 136 #SUP: 2
2 6 52 66 136 #SUP: 2
68 136 #SUP: 2
2 68 136 #SUP: 2
6 68 136 #SUP: 2
2 6 68 136 #SUP: 2
52 68 136 #SUP: 2
2 52 68 136 #SUP: 2
6 52 68 136 #SUP: 2
2 6 52 68 136 #SUP: 2
66 68 136 #SUP: 2
2 66 68 136 #SUP: 2
6 66 68 136 #SUP: 2
2 6 66 68 136 #SUP: 2
52 66 68 136 #SUP: 2
2 52 66 68 136 #SUP: 2
6 52 66 68 136 #SUP: 2
2 6 52 66 68 136 #SUP: 2
87 136 #SUP: 2
2 87 136 #SUP: 2
6 87 136 #SUP: 2
2 6 87 136 #SUP: 2
52 87 136 #SUP: 2
2 52 87 136 #SUP: 2
6 52 87 136 #SUP: 2
2 6 52 87 136 #SUP: 2
66 87 136 #SUP: 2
2 66 87 136 #SUP: 2
6 66 87 136 #SUP: 2
2 6 66 87 136 #SUP: 2
52 66 87 136 #SUP: 2
2 52 66 87 136 #SUP: 2
6 52 66 87 136 #SUP: 2
2 6 52 66 87 136 #SUP: 2
68 87 136 #SUP: 2
2 68 87 136 #SUP: 2
6 68 87 136 #SUP: 2
2 6 68 87 136 #SUP: 2
52 68 87 136 #SUP: 2
2 52 68 87 136 #SUP: 2
6 52 68 87 136 #SUP: 2
2 6 52 68 87 136 #SUP: 2
66 68 87 136 #SUP: 2
2 66 68 87 136 #SUP: 2
6 66 68 87 136 #SUP: 2
2 6 66 68 87 136 #SUP: 2
52 66 68 87 136 #SUP: 2
2 52 66 68 87 136 #SUP: 2
6 52 66 68 87 136 #SUP: 2
2 6 52 66 68 87 136 #SUP: 2
53 136 #SUP: 2
2 53 136 #SUP: 2
6 53 136 #SUP: 2
2 6 53 136 #SUP: 2
52 53 136 #SUP: 2
2 52 53 136 #SUP: 2
6 52 53 136 #SUP: 2
2 6 52 53 136 #SUP: 2
53 66 136 #SUP: 2
2 53 66 136 #SUP: 2
6 53 66 136 #SUP: 2
2 6 53 66 136 #SUP: 2
52 53 66 136 #SUP: 2
2 52 53 66 136 #SUP: 2
6 52 53 66 136 #SUP: 2
2 6 52 53 66 136 #SUP: 2
53 68 136 #SUP: 2
2 53 68 136 #SUP: 2
6 53 68 136 #SUP: 2
2 6 53 68 136 #SUP: 2
52 53 68 136 #SUP: 2
2 52 53 68 136 #SUP: 2
6 52 53 68 136 #SUP: 2
2 6 52 53 68 136 #SUP: 2
53 66 68 136 #SUP: 2
2 53 66 68 136 #SUP: 2
6 53 66 68 136 #SUP: 2
2 6 53 66 68 136 #SUP: 2
52 53 66 68 136 #SUP: 2
2 52 53 66 68 136 #SUP: 2
6 52 53 66 68 136 #SUP: 2
2 6 52 53 66 68 136 #SUP: 2
53 87 136 #SUP: 2
2 53 87 136 #SUP: 2
6 53 87 136 #SUP: 2
2 6 53 87 136 #SUP: 2
52 53 87 136 #SUP: 2
2 52 53 87 136 #SUP: 2
6 52 53 87 136 #SUP: 2
2 6 52 53 87 136 #SUP: 2
53 66 87 136 #SUP: 2
2 53 66 87 136 #SUP: 2
6 53 66 87 136 #SUP: 2
2 6 53 66 87 136 #SUP: 2
52 53 66 87 136 #SUP: 2
2 52 53 66 87 136 #SUP: 2
6 52 53 66 87 136 #SUP: 2
2 6 52 53 66 87 136 #SUP: 2
53 68 87 136 #SUP: 2
2 53 68 87 136 #SUP: 2
6 53 68 87 136 #SUP: 2
2 6 53 68 87 136 #SUP: 2
52 53 68 87 136 #SUP: 2
2 52 53 68 87 136 #SUP: 2
6 52 53 68 87 136 #SUP: 2
2 6 52 53 68 87 136 #SUP: 2
53 66 68 87 136 #SUP: 2
2 53 66 68 87 136 #SUP: 2
6 53 66 68 87 136 #SUP: 2
2 6 53 66 68 87 136 #SUP: 2
52 53 66 68 87 136 #SUP: 2
2 52 53 66 68 87 136 #SUP: 2
6 52 53 66 68 87 136 #SUP: 2
2 6 52 53 66 68 87 136 #SUP: 2
122 136 #SUP: 2
2 122 136 #SUP: 2
6 122 136 #SUP: 2
2 6 122 136 #SUP: 2
52 122 136 #SUP: 2
2 52 122 136 #SUP: 2
6 52 122 136 #SUP: 2
2 6 52 122 136 #SUP: 2
66 122 136 #SUP: 2
2 66 122 136 #SUP: 2
6 66 122 136 #SUP: 2
2 6 66 122 136 #SUP: 2
52 66 122 136 #SUP: 2
2 52 66 122 136 #SUP: 2
6 52 66 122 136 #SUP: 2
2 6 52 66 122 136 #SUP: 2
68 122 136 #SUP: 2
2 68 122 136 #SUP: 2
6 68 122 136 #SUP: 2
2 6 68 122 136 #SUP: 2
52 68 122 136 #SUP: 2
2 52 68 122 136 #SUP: 2
6 52 68 122 136 #SUP: 2
2 6 52 68 122 136 #SUP: 2
66 68 122 136 #SUP: 2
2 66 68 122 136 #SUP: 2
6 66 68 122 136 #SUP: 2
2 6 66 68 122 136 #SUP: 2
52 66 68 122 136 #SUP: 2
2 52 66 68 122 136 #SUP: 2
6 52 66 68 122 136 #SUP: 2
2 6 52 66 68 122 136 #SUP: 2
87 122 136 #SUP: 2
2 87 122 136 #SUP: 2
6 87 122 136 #SUP: 2
2 6 87 122 136 #SUP: 2
52 87 122 136 #SUP: 2
2 52 87 122 136 #SUP: 2
6 52 87 122 136 #SUP: 2
2 6 52 87 122 136 #SUP: 2
66 87 122 136 #SUP: 2
2 66 87 122 136 #SUP: 2
6 66 87 122 136 #SUP: 2
2 6 66 87 122 136 #SUP: 2
52 66 87 122 136 #SUP: 2
2 52 66 87 122 136 #SUP: 2
6 52 66 87 122 136 #SUP: 2
2 6 52 66 87 122 136 #SUP: 2
68 87 122 136 #SUP: 2
2 68 87 122 136 #SUP: 2
6 68 87 122 136 #SUP: 2
2 6 68 87 122 136 #SUP: 2
52 68 87 122 136 #SUP: 2
2 52 68 87 122 136 #SUP: 2
6 52 68 87 122 136 #SUP: 2
2 6 52 68 87 122 136 #SUP: 2
66 68 87 122 136 #SUP: 2
2 66 68 87 122 136 #SUP: 2
6 66 68 87 122 136 #SUP: 2
2 6 66 68 87 122 136 #SUP: 2
52 66 68 87 122 136 #SUP: 2
2 52 66 68 87 122 136 #SUP: 2
6 52 66 68 87 122 136 #SUP: 2
2 6 52 66 68 87 122 136 #SUP: 2
53 122 136 #SUP: 2
2 53 122 136 #SUP: 2
6 53 122 136 #SUP: 2
2 6 53 122 136 #SUP: 2
52 53 122 136 #SUP: 2
2 52 53 122 136 #SUP: 2
6 52 53 122 136 #SUP: 2
2 6 52 53 122 136 #SUP: 2
53 66 122 136 #SUP: 2
2 53 66 122 136 #SUP: 2
6 53 66 122 136 #SUP: 2
2 6 53 66 122 136 #SUP: 2
52 53 66 122 136 #SUP: 2
2 52 53 66 122 136 #SUP: 2
6 52 53 66 122 136 #SUP: 2
2 6 52 53 66 122 136 #SUP: 2
53 68 122 136 #SUP: 2
2 53 68 122 136 #SUP: 2
6 53 68 122 136 #SUP: 2
2 6 53 68 122 136 #SUP: 2
52 53 68 122 136 #SUP: 2
2 52 53 68 122 136 #SUP: 2
6 52 53 68 122 136 #SUP: 2
2 6 52 53 68 122 136 #SUP: 2
53 66 68 122 136 #SUP: 2
2 53 66 68 122 136 #SUP: 2
6 53 66 68 122 136 #SUP: 2
2 6 53 66 68 122 136 #SUP: 2
52 53 66 68 122 136 #SUP: 2
2 52 53 66 68 122 136 #SUP: 2
6 52 53 66 68 122 136 #SUP: 2
2 6 52 53 66 68 122 136 #SUP: 2
53 87 122 136 #SUP: 2
2 53 87 122 136 #SUP: 2
6 53 87 122 136 #SUP: 2
2 6 53 87 122 136 #SUP: 2
52 53 87 122 136 #SUP: 2
2 52 53 87 122 136 #SUP: 2
6 52 53 87 122 136 #SUP: 2
2 6 52 53 87 122 136 #SUP: 2
53 66 87 122 136 #SUP: 2
2 53 66 87 122 136 #SUP: 2
6 53 66 87 122 136 #SUP: 2
2 6 53 66 87 122 136 #SUP: 2
52 53 66 87 122 136 #SUP: 2
2 52 53 66 87 122 136 #SUP: 2
6 52 53 66 87 122 136 #SUP: 2
2 6 52 53 66 87 122 136 #SUP: 2
53 68 87 122 136 #SUP: 2
2 53 68 87 122 136 #SUP: 2
6 53 68 87 122 136 #SUP: 2
2 6 53 68 87 122 136 #SUP: 2
52 53 68 87 122 136 #SUP: 2
2 52 53 68 87 122 136 #SUP: 2
6 52 53 68 87 122 136 #SUP: 2
2 6 52 53 68 87 122 136 #SUP: 2
53 66 68 87 122 136 #SUP: 2
2 53 66 68 87 122 136 #SUP: 2
6 53 66 68 87 122 136 #SUP: 2
2 6 53 66 68 87 122 136 #SUP: 2
52 53 66 68 87 122 136 #SUP: 2
2 52 53 66 68 87 122 136 #SUP: 2
6 52 53 66 68 87 122 136 #SUP: 2
2 6 52 53 66 68 87 122 136 #SUP: 2
133 136 #SUP: 2
2 133 136 #SUP: 2
6 133 136 #SUP: 2
2 6 133 136 #SUP: 2
52 133 136 #SUP: 2
2 52 133 136 #SUP: 2
6 52 133 136 #SUP: 2
2 6 52 133 136 #SUP: 2
66 133 136 #SUP: 2
2 66 133 136 #SUP: 2
6 66 133 136 #SUP: 2
2 6 66 133 136 #SUP: 2
52 66 133 136 #SUP: 2
2 52 66 133 136 #SUP: 2
6 52 66 133 136 #SUP: 2
2 6 52 66 133 136 #SUP: 2
68 133 136 #SUP: 2
2 68 133 136 #SUP: 2
6 68 133 136 #SUP: 2
2 6 68 133 136 #SUP: 2
52 68 133 136 #SUP: 2
2 52 68 133 136 #SUP: 2
6 52 68 133 136 #SUP: 2
2 6 52 68 133 136 #SUP: 2
66 68 133 136 #SUP: 2
2 66 68 133 136 #SUP: 2
6 66 68 133 136 #SUP: 2
2 6 66 68 133 136 #SUP: 2
52 66 68 133 136 #SUP: 2
2 52 66 68 133 136 #SUP: 2
6 52 66 68 133 136 #SUP: 2
2 6 52 66 68 133 136 #SUP: 2
87 133 136 #SUP: 2
2 87 133 136 #SUP: 2
6 87 133 136 #SUP: 2
2 6 87 133 136 #SUP: 2
52 87 133 136 #SUP: 2
2 52 87 133 136 #SUP: 2
6 52 87 133 136 #SUP: 2
2 6 52 87 133 136 #SUP: 2
66 87 133 136 #SUP: 2
2 66 87 133 136 #SUP: 2
6 66 87 133 136 #SUP: 2
2 6 66 87 133 136 #SUP: 2
52 66 87 133 136 #SUP: 2
2 52 66 87 133 136 #SUP: 2
6 52 66 87 133 136 #SUP: 2
2 6 52 66 87 133 136 #SUP: 2
68 87 133 136 #SUP: 2
2 68 87 133 136 #SUP: 2
6 68 87 133 136 #SUP: 2
2 6 68 87 133 136 #SUP: 2
52 68 87 133 136 #SUP: 2
2 52 68 87 133 136 #SUP: 2
6 52 68 87 133 136 #SUP: 2
2 6 52 68 87 133 136 #SUP: 2
66 68 87 133 136 #SUP: 2
2 66 68 87 133 136 #SUP: 2
6 66 68 87 133 136 #SUP: 2
2 6 66 68 87 133 136 #SUP: 2
52 66 68 87 133 136 #SUP: 2
2 52 66 68 87 133 136 #SUP: 2
6 52 66 68 87 133 136 #SUP: 2
2 6 52 66 68 87 133 136 #SUP: 2
53 133 136 #SUP: 2
2 53 133 136 #SUP: 2
6 53 133 136 #SUP: 2
2 6 53 133 136 #SUP: 2
52 53 133 136 #SUP: 2
2 52 53 133 136 #SUP: 2
6 52 53 133 136 #SUP: 2
2 6 52 53 133 136 #SUP: 2
53 66 133 136 #SUP: 2
2 53 66 133 136 #SUP: 2
6 53 66 133 136 #SUP: 2
2 6 53 66 133 136 #SUP: 2
52 53 66 133 136 #SUP: 2
2 52 53 66 133 136 #SUP: 2
6 52 53 66 133 136 #SUP: 2
2 6 52 53 66 133 136 #SUP: 2
53 68 133 136 #SUP: 2
2 53 68 133 136 #SUP: 2
6 53 68 133 136 #SUP: 2
2 6 53 68 133 136 #SUP: 2
52 53 68 133 136 #SUP: 2
2 52 53 68 133 136 #SUP: 2
6 52 53 68 133 136 #SUP: 2
2 6 52 53 68 133 136 #SUP: 2
53 66 68 133 136 #SUP: 2
2 53 66 68 133 136 #SUP: 2
6 53 66 68 133 136 #SUP: 2
2 6 53 66 68 133 136 #SUP: 2
52 53 66 68 133 136 #SUP: 2
2 52 53 66 68 133 136 #SUP: 2
6 52 53 66 68 133 136 #SUP: 2
2 6 52 53 66 68 133 136 #SUP: 2
53 87 133 136 #SUP: 2
2 53 87 133 136 #SUP: 2
6 53 87 133 136 #SUP: 2
2 6 53 87 133 136 #SUP: 2
52 53 87 133 136 #SUP: 2
2 52 53 87 133 136 #SUP: 2
6 52 53 87 133 136 #SUP: 2
2 6 52 53 87 133 136 #SUP: 2
53 66 87 133 136 #SUP: 2
2 53 66 87 133 136 #SUP: 2
6 53 66 87 133 136 #SUP: 2
2 6 53 66 87 133 136 #SUP: 2
52 53 66 87 133 136 #SUP: 2
2 52 53 66 87 133 136 #SUP: 2
6 52 53 66 87 133 136 #SUP: 2
2 6 52 53 66 87 133 136 #SUP: 2
53 68 87 133 136 #SUP: 2
2 53 68 87 133 136 #SUP: 2
6 53 68 87 133 136 #SUP: 2
2 6 53 68 87 133 136 #SUP: 2
52 53 68 87 133 136 #SUP: 2
2 52 53 68 87 133 136 #SUP: 2
6 52 53 68 87 133 136 #SUP: 2
2 6 52 53 68 87 133 136 #SUP: 2
53 66 68 87 133 136 #SUP: 2
2 53 66 68 87 133 136 #SUP: 2
6 53 66 68 87 133 136 #SUP: 2
2 6 53 66 68 87 133 136 #SUP: 2
52 53 66 68 87 133 136 #SUP: 2
2 52 53 66 68 87 133 136 #SUP: 2
6 52 53 66 68 87 133 136 #SUP: 2
2 6 52 53 66 68 87 133 136 #SUP: 2
122 133 136 #SUP: 2
2 122 133 136 #SUP: 2
6 122 133 136 #SUP: 2
2 6 122 133 136 #SUP: 2
52 122 133 136 #SUP: 2
2 52 122 133 136 #SUP: 2
6 52 122 133 136 #SUP: 2
2 6 52 122 133 136 #SUP: 2
66 122 133 136 #SUP: 2
2 66 122 133 136 #SUP: 2
6 66 122 133 136 #SUP: 2
2 6 66 122 133 136 #SUP: 2
52 66 122 133 136 #SUP: 2
2 52 66 122 133 136 #SUP: 2
6 52 66 122 133 136 #SUP: 2
2 6 52 66 122 133 136 #SUP: 2
68 122 133 136 #SUP: 2
2 68 122 133 136 #SUP: 2
6 68 122 133 136 #SUP: 2
2 6 68 122 133 136 #SUP: 2
52 68 122 133 136 #SUP: 2
2 52 68 122 133 136 #SUP: 2
6 52 68 122 133 136 #SUP: 2
2 6 52 68 122 133 136 #SUP: 2
66 68 122 133 136 #SUP: 2
2 66 68 122 133 136 #SUP: 2
6 66 68 122 133 136 #SUP: 2
2 6 66 68 122 133 136 #SUP: 2
52 66 68 122 133 136 #SUP: 2
2 52 66 68 122 133 136 #SUP: 2
6 52 66 68 122 133 136 #SUP: 2
2 6 52 66 68 122 133 136 #SUP: 2
87 122 133 136 #SUP: 2
2 87 122 133 136 #SUP: 2
6 87 122 133 136 #SUP: 2
2 6 87 122 133 136 #SUP: 2
52 87 122 133 136 #SUP: 2
2 52 87 122 133 136 #SUP: 2
6 52 87 122 133 136 #SUP: 2
2 6 52 87 122 133 136 #SUP: 2
66 87 122 133 136 #SUP: 2
2 66 87 122 133 136 #SUP: 2
6 66 87 122 133 136 #SUP: 2
2 6 66 87 122 133 136 #SUP: 2
52 66 87 122 133 136 #SUP: 2
2 52 66 87 122 133 136 #SUP: 2
6 52 66 87 122 133 136 #SUP: 2
2 6 52 66 87 122 133 136 #SUP: 2
68 87 122 133 136 #SUP: 2
2 68 87 122 133 136 #SUP: 2
6 68 87 122 133 136 #SUP: 2
2 6 68 87 122 133 136 #SUP: 2
52 68 87 122 133 136 #SUP: 2
2 52 68 87 122 133 136 #SUP: 2
6 52 68 87 122 133 136 #SUP: 2
2 6 52 68 87 122 133 136 #SUP: 2
66 68 87 122 133 136 #SUP: 2
2 66 68 87 122 133 136 #SUP: 2
6 66 68 87 122 133 136 #SUP: 2
2 6 66 68 87 122 133 136 #SUP: 2
52 66 68 87 122 133 136 #SUP: 2
2 52 66 68 87 122 133 136 #SUP: 2
6 52 66 68 87 122 133 136 #SUP: 2
2 6 52 66 68 87 122 133 136 #SUP: 2
53 122 133 136 #SUP: 2
2 53 122 133 136 #SUP: 2
6 53 122 133 136 #SUP: 2
2 6 53 122 133 136 #SUP: 2
52 53 122 133 136 #SUP: 2
2 52 53 122 133 136 #SUP: 2
6 52 53 122 133 136 #SUP: 2
2 6 52 53 122 133 136 #SUP: 2
53 66 122 133 136 #SUP: 2
2 53 66 122 133 136 #SUP: 2
6 53 66 122 133 136 #SUP: 2
2 6 53 66 122 133 136 #SUP: 2
52 53 66 122 133 136 #SUP: 2
2 52 53 66 122 133 136 #SUP: 2
6 52 53 66 122 133 136 #SUP: 2
2 6 52 53 66 122 133 136 #SUP: 2
53 68 122 133 136 #SUP: 2
2 53 68 122 133 136 #SUP: 2
6 53 68 122 133 136 #SUP: 2
2 6 53 68 122 133 136 #SUP: 2
52 53 68 122 133 136 #SUP: 2
2 52 53 68 122 133 136 #SUP: 2
6 52 53 68 122 133 136 #SUP: 2
2 6 52 53 68 122 133 136 #SUP: 2
53 66 68 122 133 136 #SUP: 2
2 53 66 68 122 133 136 #SUP: 2
6 53 66 68 122 133 136 #SUP: 2
2 6 53 66 68 122 133 136 #SUP: 2
52 53 66 68 122 133 136 #SUP: 2
2 52 53 66 68 122 133 136 #SUP: 2
6 52 53 66 68 122 133 136 #SUP: 2
2 6 52 53 66 68 122 133 136 #SUP: 2
53 87 122 133 136 #SUP: 2
2 53 87 122 133 136 #SUP: 2
6 53 87 122 133 136 #SUP: 2
2 6 53 87 122 133 136 #SUP: 2
52 53 87 122 133 136 #SUP: 2
2 52 53 87 122 133 136 #SUP: 2
6 52 53 87 122 133 136 #SUP: 2
2 6 52 53 87 122 133 136 #SUP: 2
53 66 87 122 133 136 #SUP: 2
2 53 66 87 122 133 136 #SUP: 2
6 53 66 87 122 133 136 #SUP: 2
2 6 53 66 87 122 133 136 #SUP: 2
52 53 66 87 122 133 136 #SUP: 2
2 52 53 66 87 122 133 136 #SUP: 2
6 52 53 66 87 122 133 136 #SUP: 2
2 6 52 53 66 87 122 133 136 #SUP: 2
53 68 87 122 133 136 #SUP: 2
2 53 68 87 122 133 136 #SUP: 2
6 53 68 87 122 133 136 #SUP: 2
2 6 53 68 87 122 133 136 #SUP: 2
52 53 68 87 122 133 136 #SUP: 2
2 52 53 68 87 122 133 136 #SUP: 2
6 52 53 68 87 122 133 136 #SUP: 2
2 6 52 53 68 87 122 133 136 #SUP: 2
53 66 68 87 122 133 136 #SUP: 2
2 53 66 68 87 122 133 136 #SUP: 2
6 53 66 68 87 122 133 136 #SUP: 2
2 6 53 66 68 87 122 133 136 #SUP: 2
52 53 66 68 87 122 133 136 #SUP: 2
2 52 53 66 68 87 122 133 136 #SUP: 2
6 52 53 66 68 87 122 133 136 #SUP: 2
2 6 52 53 66 68 87 122 133 136 #SUP: 2
135 136 #SUP: 2
2 135 136 #SUP: 2
6 135 136 #SUP: 2
2 6 135 136 #SUP: 2
52 135 136 #SUP: 2
2 52 135 136 #SUP: 2
6 52 135 136 #SUP: 2
2 6 52 135 136 #SUP: 2
66 135 136 #SUP: 2
2 66 135 136 #SUP: 2
6 66 135 136 #SUP: 2
2 6 66 135 136 #SUP: 2
52 66 135 136 #SUP: 2
2 52 66 135 136 #SUP: 2
6 52 66 135 136 #SUP: 2
2 6 52 66 135 136 #SUP: 2
68 135 136 #SUP: 2
2 68 135 136 #SUP: 2
6 68 135 136 #SUP: 2
2 6 68 135 136 #SUP: 2
52 68 135 136 #SUP: 2
2 52 68 135 136 #SUP: 2
6 52 68 135 136 #SUP: 2
2 6 52 68 135 136 #SUP: 2
66 68 135 136 #SUP: 2
2 66 68 135 136 #SUP: 2
6 66 68 135 136 #SUP: 2
2 6 66 68 135 136 #SUP: 2
52 66 68 135 136 #SUP: 2
2 52 66 68 135 136 #SUP: 2
6 52 66 68 135 136 #SUP: 2
2 6 52 66 68 135 136 #SUP: 2
87 135 136 #SUP: 2
2 87 135 136 #SUP: 2
6 87 135 136 #SUP: 2
2 6 87 135 136 #SUP: 2
52 87 135 136 #SUP: 2
2 52 87 135 136 #SUP: 2
6 52 87 135 136 #SUP: 2
2 6 52 87 135 136 #SUP: 2
66 87 135 136 #SUP: 2
2 66 87 135 136 #SUP: 2
6 66 87 135 136 #SUP: 2
2 6 66 87 135 136 #SUP: 2
52 66 87 135 136 #SUP: 2
2 52 66 87 135 136 #SUP: 2
6 52 66 87 135 136 #SUP: 2
2 6 52 66 87 135 136 #SUP: 2
68 87 135 136 #SUP: 2
2 68 87 135 136 #SUP: 2
6 68 87 135 136 #SUP: 2
2 6 68 87 135 136 #SUP: 2
52 68 87 135 136 #SUP: 2
2 52 68 87 135 136 #SUP: 2
6 52 68 87 135 136 #SUP: 2
2 6 52 68 87 135 136 #SUP: 2
66 68 87 135 136 #SUP: 2
2 66 68 87 135 136 #SUP: 2
6 66 68 87 135 136 #SUP: 2
2 6 66 68 87 135 136 #SUP: 2
52 66 68 87 135 136 #SUP: 2
2 52 66 68 87 135 136 #SUP: 2
6 52 66 68 87 135 136 #SUP: 2
2 6 52 66 68 87 135 136 #SUP: 2
53 135 136 #SUP: 2
2 53 135 136 #SUP: 2
6 53 135 136 #SUP: 2
2 6 53 135 136 #SUP: 2
52 53 135 136 #SUP: 2
2 52 53 135 136 #SUP: 2
6 52 53 135 136 #SUP: 2
2 6 52 53 135 136 #SUP: 2
53 66 135 136 #SUP: 2
2 53 66 135 136 #SUP: 2
6 53 66 135 136 #SUP: 2
2 6 53 66 135 136 #SUP: 2
52 53 66 135 136 #SUP: 2
2 52 53 66 135 136 #SUP: 2
6 52 53 66 135 136 #SUP: 2
2 6 52 53 66 135 136 #SUP: 2
53 68 135 136 #SUP: 2
2 53 68 135 136 #SUP: 2
6 53 68 135 136 #SUP: 2
2 6 53 68 135 136 #SUP: 2
52 53 68 135 136 #SUP: 2
2 52 53 68 135 136 #SUP: 2
6 52 53 68 135 136 #SUP: 2
2 6 52 53 68 135 136 #SUP: 2
53 66 68 135 136 #SUP: 2
2 53 66 68 135 136 #SUP: 2
6 53 66 68 135 136 #SUP: 2
2 6 53 66 68 135 136 #SUP: 2
52 53 66 68 135 136 #SUP: 2
2 52 53 66 68 135 136 #SUP: 2
6 52 53 66 68 135 136 #SUP: 2
2 6 52 53 66 68 135 136 #SUP: 2
53 87 135 136 #SUP: 2
2 53 87 135 136 #SUP: 2
6 53 87 135 136 #SUP: 2
2 6 53 87 135 136 #SUP: 2
52 53 87 135 136 #SUP: 2
2 52 53 87 135 136 #SUP: 2
6 52 53 87 135 136 #SUP: 2
2 6 52 53 87 135 136 #SUP: 2
53 66 87 135 136 #SUP: 2
2 53 66 87 135 136 #SUP: 2
6 53 66 87 135 136 #SUP: 2
2 6 53 66 87 135 136 #SUP: 2
52 53 66 87 135 136 #SUP: 2
2 52 53 66 87 135 136 #SUP: 2
6 52 53 66 87 135 136 #SUP: 2
2 6 52 53 66 87 135 136 #SUP: 2
53 68 87 135 136 #SUP: 2
2 53 68 87 135 136 #SUP: 2
6 53 68 87 135 136 #SUP: 2
2 6 53 68 87 135 136 #SUP: 2
52 53 68 87 135 136 #SUP: 2
2 52 53 68 87 135 136 #SUP: 2
6 52 53 68 87 135 136 #SUP: 2
2 6 52 53 68 87 135 136 #SUP: 2
53 66 68 87 135 136 #SUP: 2
2 53 66 68 87 135 136 #SUP: 2
6 53 66 68 87 135 136 #SUP: 2
2 6 53 66 68 87 135 136 #SUP: 2
52 53 66 68 87 135 136 #SUP: 2
2 52 53 66 68 87 135 136 #SUP: 2
6 52 53 66 68 87 135 136 #SUP: 2
2 6 52 53 66 68 87 135 136 #SUP: 2
122 135 136 #SUP: 2
2 122 135 136 #SUP: 2
6 122 135 136 #SUP: 2
2 6 122 135 136 #SUP: 2
52 122 135 136 #SUP: 2
2 52 122 135 136 #SUP: 2
6 52 122 135 136 #SUP: 2
2 6 52 122 135 136 #SUP: 2
66 122 135 136 #SUP: 2
2 66 122 135 136 #SUP: 2
6 66 122 135 136 #SUP: 2
2 6 66 122 135 136 #SUP: 2
52 66 122 135 136 #SUP: 2
2 52 66 122 135 136 #SUP: 2
6 52 66 122 135 136 #SUP: 2
2 6 52 66 122 135 136 #SUP: 2
68 122 135 136 #SUP: 2
2 68 122 135 136 #SUP: 2
6 68 122 135 136 #SUP: 2
2 6 68 122 135 136 #SUP: 2
52 68 122 135 136 #SUP: 2
2 52 68 122 135 136 #SUP: 2
6 52 68 122 135 136 #SUP: 2
2 6 52 68 122 135 136 #SUP: 2
66 68 122 135 136 #SUP: 2
2 66 68 122 135 136 #SUP: 2
6 66 68 122 135 136 #SUP: 2
2 6 66 68 122 135 136 #SUP: 2
52 66 68 122 135 136 #SUP: 2
2 52 66 68 122 135 136 #SUP: 2
6 52 66 68 122 135 136 #SUP: 2
2 6 52 66 68 122 135 136 #SUP: 2
87 122 135 136 #SUP: 2
2 87 122 135 136 #SUP: 2
6 87 122 135 136 #SUP: 2
2 6 87 122 135 136 #SUP: 2
52 87 122 135 136 #SUP: 2
2 52 87 122 135 136 #SUP: 2
6 52 87 122 135 136 #SUP: 2
2 6 52 87 122 135 136 #SUP: 2
66 87 122 135 136 #SUP: 2
2 66 87 122 135 136 #SUP: 2
6 66 87 122 135 136 #SUP: 2
2 6 66 87 122 135 136 #SUP: 2
52 66 87 122 135 136 #SUP: 2
2 52 66 87 122 135 136 #SUP: 2
6 52 66 87 122 135 136 #SUP: 2
2 6 52 66 87 122 135 136 #SUP: 2
68 87 122 135 136 #SUP: 2
2 68 87 122 135 136 #SUP: 2
6 68 87 122 135 136 #SUP: 2
2 6 68 87 122 135 136 #SUP: 2
52 68 87 122 135 136 #SUP: 2
2 52 68 87 122 135 136 #SUP: 2
6 52 68 87 122 135 136 #SUP: 2
2 6 52 68 87 122 135 136 #SUP: 2
66 68 87 122 135 136 #SUP: 2
2 66 68 87 122 135 136 #SUP: 2
6 66 68 87 122 135 136 #SUP: 2
2 6 66 68 87 122 135 136 #SUP: 2
52 66 68 87 122 135 136 #SUP: 2
2 52 66 68 87 122 135 136 #SUP: 2
6 52 66 68 87 122 135 136 #SUP: 2
2 6 52 66 68 87 122 135 136 #SUP: 2
53 122 135 136 #SUP: 2
2 53 122 135 136 #SUP: 2
6 53 122 135 136 #SUP: 2
2 6 53 122 135 136 #SUP: 2
52 53 122 135 136 #SUP: 2
2 52 53 122 135 136 #SUP: 2
6 52 53 122 135 136 #SUP: 2
2 6 52 53 122 135 136 #SUP: 2
53 66 122 135 136 #SUP: 2
2 53 66 122 135 136 #SUP: 2
6 53 66 122 135 136 #SUP: 2
2 6 53 66 122 135 136 #SUP: 2
52 53 66 122 135 136 #SUP: 2
2 52 53 66 122 135 136 #SUP: 2
6 52 53 66 122 135 136 #SUP: 2
2 6 52 53 66 122 135 136 #SUP: 2
53 68 122 135 136 #SUP: 2
2 53 68 122 135 136 #SUP: 2
6 53 68 122 135 136 #SUP: 2
2 6 53 68 122 135 136 #SUP: 2
52 53 68 122 135 136 #SUP: 2
2 52 53 68 122 135 136 #SUP: 2
6 52 53 68 122 135 136 #SUP: 2
2 6 52 53 68 122 135 136 #SUP: 2
53 66 68 122 135 136 #SUP: 2
2 53 66 68 122 135 136 #SUP: 2
6 53 66 68 122 135 136 #SUP: 2
2 6 53 66 68 122 135 136 #SUP: 2
52 53 66 68 122 135 136 #SUP: 2
2 52 53 66 68 122 135 136 #SUP: 2
6 52 53 66 68 122 135 136 #SUP: 2
2 6 52 53 66 68 122 135 136 #SUP: 2
53 87 122 135 136 #SUP: 2
2 53 87 122 135 136 #SUP: 2
6 53 87 122 135 136 #SUP: 2
2 6 53 87 122 135 136 #SUP: 2
52 53 87 122 135 136 #SUP: 2
2 52 53 87 122 135 136 #SUP: 2
6 52 53 87 122 135 136 #SUP: 2
2 6 52 53 87 122 135 136 #SUP: 2
53 66 87 122 135 136 #SUP: 2
2 53 66 87 122 135 136 #SUP: 2
6 53 66 87 122 135 136 #SUP: 2
2 6 53 66 87 122 135 136 #SUP: 2
52 53 66 87 122 135 136 #SUP: 2
2 52 53 66 87 122 135 136 #SUP: 2
6 52 53 66 87 122 135 136 #SUP: 2
2 6 52 53 66 87 122 135 136 #SUP: 2
53 68 87 122 135 136 #SUP: 2
2 53 68 87 122 135 136 #SUP: 2
6 53 68 87 122 135 136 #SUP: 2
2 6 53 68 87 122 135 136 #SUP: 2
52 53 68 87 122 135 136 #SUP: 2
2 52 53 68 87 122 135 136 #SUP: 2
6 52 53 68 87 122 135 136 #SUP: 2
2 6 52 53 68 87 122 135 136 #SUP: 2
53 66 68 87 122 135 136 #SUP: 2
2 53 66 68 87 122 135 136 #SUP: 2
6 53 66 68 87 122 135 136 #SUP: 2
2 6 53 66 68 87 122 135 136 #SUP: 2
52 53 66 68 87 122 135 136 #SUP: 2
2 52 53 66 68 87 122 135 136 #SUP: 2
6 52 53 66 68 87 122 135 136 #SUP: 2
2 6 52 53 66 68 87 122 135 136 #SUP: 2
133 135 136 #SUP: 2
2 133 135 136 #SUP: 2
6 133 135 136 #SUP: 2
2 6 133 135 136 #SUP: 2
52 133 135 136 #SUP: 2
2 52 133 135 136 #SUP: 2
6 52 133 135 136 #SUP: 2
2 6 52 133 135 136 #SUP: 2
66 133 135 136 #SUP: 2
2 66 133 135 136 #SUP: 2
6 66 133 135 136 #SUP: 2
2 6 66 133 135 136 #SUP: 2
52 66 133 135 136 #SUP: 2
2 52 66 133 135 136 #SUP: 2
6 52 66 133 135 136 #SUP: 2
2 6 52 66 133 135 136 #SUP: 2
68 133 135 136 #SUP: 2
2 68 133 135 136 #SUP: 2
6 68 133 135 136 #SUP: 2
2 6 68 133 135 136 #SUP: 2
52 68 133 135 136 #SUP: 2
2 52 68 133 135 136 #SUP: 2
6 52 68 133 135 136 #SUP: 2
2 6 52 68 133 135 136 #SUP: 2
66 68 133 135 136 #SUP: 2
2 66 68 133 135 136 #SUP: 2
6 66 68 133 135 136 #SUP: 2
2 6 66 68 133 135 136 #SUP: 2
52 66 68 133 135 136 #SUP: 2
2 52 66 68 133 135 136 #SUP: 2
6 52 66 68 133 135 136 #SUP: 2
2 6 52 66 68 133 135 136 #SUP: 2
87 133 135 136 #SUP: 2
2 87 133 135 136 #SUP: 2
6 87 133 135 136 #SUP: 2
2 6 87 133 135 136 #SUP: 2
52 87 133 135 136 #SUP: 2
2 52 87 133 135 136 #SUP: 2
6 52 87 133 135 136 #SUP: 2
2 6 52 87 133 135 136 #SUP: 2
66 87 133 135 136 #SUP: 2
2 66 87 133 135 136 #SUP: 2
6 66 87 133 135 136 #SUP: 2
2 6 66 87 133 135 136 #SUP: 2
52 66 87 133 135 136 #SUP: 2
2 52 66 87 133 135 136 #SUP: 2
6 52 66 87 133 135 136 #SUP: 2
2 6 52 66 87 133 135 136 #SUP: 2
68 87 133 135 136 #SUP: 2
2 68 87 133 135 136 #SUP: 2
6 68 87 133 135 136 #SUP: 2
2 6 68 87 133 135 136 #SUP: 2
52 68 87 133 135 136 #SUP: 2
2 52 68 87 133 135 136 #SUP: 2
6 52 68 87 133 135 136 #SUP: 2
2 6 52 68 87 133 135 136 #SUP: 2
66 68 87 133 135 136 #SUP: 2
2 66 68 87 133 135 136 #SUP: 2
6 66 68 87 133 135 136 #SUP: 2
2 6 66 68 87 133 135 136 #SUP: 2
52 66 68 87 133 135 136 #SUP: 2
2 52 66 68 87 133 135 136 #SUP: 2
6 52 66 68 87 133 135 136 #SUP: 2
2 6 52 66 68 87 133 135 136 #SUP: 2
53 133 135 136 #SUP: 2
2 53 133 135 136 #SUP: 2
6 53 133 135 136 #SUP: 2
2 6 53 133 135 136 #SUP: 2
52 53 133 135 136 #SUP: 2
2 52 53 133 135 136 #SUP: 2
6 52 53 133 135 136 #SUP: 2
2 6 52 53 133 135 136 #SUP: 2
53 66 133 135 136 #SUP: 2
2 53 66 133 135 136 #SUP: 2
6 53 66 133 135 136 #SUP: 2
2 6 53 66 133 135 136 #SUP: 2
52 53 66 133 135 136 #SUP: 2
2 52 53 66 133 135 136 #SUP: 2
6 52 53 66 133 135 136 #SUP: 2
2 6 52 53 66 133 135 136 #SUP: 2
53 68 133 135 136 #SUP: 2
2 53 68 133 135 136 #SUP: 2
6 53 68 133 135 136 #SUP: 2
2 6 53 68 133 135 136 #SUP: 2
52 53 68 133 135 136 #SUP: 2
2 52 53 68 133 135 136 #SUP: 2
6 52 53 68 133 135 136 #SUP: 2
2 6 52 53 68 133 135 136 #SUP: 2
53 66 68 133 135 136 #SUP: 2
2 53 66 68 133 135 136 #SUP: 2
6 53 66 68 133 135 136 #SUP: 2
2 6 53 66 68 133 135 136 #SUP: 2
52 53 66 68 133 135 136 #SUP: 2
2 52 53 66 68 133 135 136 #SUP: 2
6 52 53 66 68 133 135 136 #SUP: 2
2 6 52 53 66 68 133 135 136 #SUP: 2
53 87 133 135 136 #SUP: 2
2 53 87 133 135 136 #SUP: 2
6 53 87 133 135 136 #SUP: 2
2 6 53 87 133 135 136 #SUP: 2
52 53 87 133 135 136 #SUP: 2
2 52 53 87 133 135 136 #SUP: 2
6 52 53 87 133 135 136 #SUP: 2
2 6 52 53 87 133 135 136 #SUP: 2
53 66 87 133 135 136 #SUP: 2
2 53 66 87 133 135 136 #SUP: 2
6 53 66 87 133 135 136 #SUP: 2
2 6 53 66 87 133 135 136 #SUP: 2
52 53 66 87 133 135 136 #SUP: 2
2 52 53 66 87 133 135 136 #SUP: 2
6 52 53 66 87 133 135 136 #SUP: 2
2 6 52 53 66 87 133 135 136 #SUP: 2
53 68 87 133 135 136 #SUP: 2
2 53 68 87 133 135 136 #SUP: 2
6 53 68 87 133 135 136 #SUP: 2
2 6 53 68 87 133 135 136 #SUP: 2
52 53 68 87 133 135 136 #SUP: 2
2 52 53 68 87 133 135 136 #SUP: 2
6 52 53 68 87 133 135 136 #SUP: 2
2 6 52 53 68 87 133 135 136 #SUP: 2
53 66 68 87 133 135 136 #SUP: 2
2 53 66 68 87 133 135 136 #SUP: 2
6 53 66 68 87 133 135 136 #SUP: 2
2 6 53 66 68 87 133 135 136 #SUP: 2
52 53 66 68 87 133 135 136 #SUP: 2
2 52 53 66 68 87 133 135 136 #SUP: 2
6 52 53 66 68 87 133 135 136 #SUP: 2
2 6 52 53 66 68 87 133 135 136 #SUP: 2
122 133 135 136 #SUP: 2
2 122 133 135 136 #SUP: 2
6 122 133 135 136 #SUP: 2
2 6 122 133 135 136 #SUP: 2
52 122 133 135 136 #SUP: 2
2 52 122 133 135 136 #SUP: 2
6 52 122 133 135 136 #SUP: 2
2 6 52 122 133 135 136 #SUP: 2
66 122 133 135 136 #SUP: 2
2 66 122 133 135 136 #SUP: 2
6 66 122 133 135 136 #SUP: 2
2 6 66 122 133 135 136 #SUP: 2
52 66 122 133 135 136 #SUP: 2
2 52 66 122 133 135 136 #SUP: 2
6 52 66 122 133 135 136 #SUP: 2
2 6 52 66 122 133 135 136 #SUP: 2
68 122 133 135 136 #SUP: 2
2 68 122 133 135 136 #SUP: 2
6 68 122 133 135 136 #SUP: 2
2 6 68 122 133 135 136 #SUP: 2
52 68 122 133 135 136 #SUP: 2
2 52 68 122 133 135 136 #SUP: 2
6 52 68 122 133 135 136 #SUP: 2
2 6 52 68 122 133 135 136 #SUP: 2
66 68 122 133 135 136 #SUP: 2
2 66 68 122 133 135 136 #SUP: 2
6 66 68 122 133 135 136 #SUP: 2
2 6 66 68 122 133 135 136 #SUP: 2
52 66 68 122 133 135 136 #SUP: 2
2 52 66 68 122 133 135 136 #SUP: 2
6 52 66 68 122 133 135 136 #SUP: 2
2 6 52 66 68 122 133 135 136 #SUP: 2
87 122 133 135 136 #SUP: 2
2 87 122 133 135 136 #SUP: 2
6 87 122 133 135 136 #SUP: 2
2 6 87 122 133 135 136 #SUP: 2
52 87 122 133 135 136 #SUP: 2
2 52 87 122 133 135 136 #SUP: 2
6 52 87 122 133 135 136 #SUP: 2
2 6 52 87 122 133 135 136 #SUP: 2
66 87 122 133 135 136 #SUP: 2
2 66 87 122 133 135 136 #SUP: 2
6 66 87 122 133 135 136 #SUP: 2
2 6 66 87 122 133 135 136 #SUP: 2
52 66 87 122 133 135 136 #SUP: 2
2 52 66 87 122 133 135 136 #SUP: 2
6 52 66 87 122 133 135 136 #SUP: 2
2 6 52 66 87 122 133 135 136 #SUP: 2
68 87 122 133 135 136 #SUP: 2
2 68 87 122 133 135 136 #SUP: 2
6 68 87 122 133 135 136 #SUP: 2
2 6 68 87 122 133 135 136 #SUP: 2
52 68 87 122 133 135 136 #SUP: 2
2 52 68 87 122 133 135 136 #SUP: 2
6 52 68 87 122 133 135 136 #SUP: 2
2 6 52 68 87 122 133 135 136 #SUP: 2
66 68 87 122 133 135 136 #SUP: 2
2 66 68 87 122 133 135 136 #SUP: 2
6 66 68 87 122 133 135 136 #SUP: 2
2 6 66 68 87 122 133 135 136 #SUP: 2
52 66 68 87 122 133 135 136 #SUP: 2
2 52 66 68 87 122 133 135 136 #SUP: 2
6 52 66 68 87 122 133 135 136 #SUP: 2
2 6 52 66 68 87 122 133 135 136 #SUP: 2
53 122 133 135 136 #SUP: 2
2 53 122 133 135 136 #SUP: 2
6 53 122 133 135 136 #SUP: 2
2 6 53 122 133 135 136 #SUP: 2
52 53 122 133 135 136 #SUP: 2
2 52 53 122 133 135 136 #SUP: 2
6 52 53 122 133 135 136 #SUP: 2
2 6 52 53 122 133 135 136 #SUP: 2
53 66 122 133 135 136 #SUP: 2
2 53 66 122 133 135 136 #SUP: 2
6 53 66 122 133 135 136 #SUP: 2
2 6 53 66 122 133 135 136 #SUP: 2
52 53 66 122 133 135 136 #SUP: 2
2 52 53 66 122 133 135 136 #SUP: 2
6 52 53 66 122 133 135 136 #SUP: 2
2 6 52 53 66 122 133 135 136 #SUP: 2
53 68 122 133 135 136 #SUP: 2
2 53 68 122 133 135 136 #SUP: 2
6 53 68 122 133 135 136 #SUP: 2
2 6 53 68 122 133 135 136 #SUP: 2
52 53 68 122 133 135 136 #SUP: 2
2 52 53 68 122 133 135 136 #SUP: 2
6 52 53 68 122 133 135 136 #SUP: 2
2 6 52 53 68 122 133 135 136 #SUP: 2
53 66 68 122 133 135 136 #SUP: 2
2 53 66 68 122 133 135 136 #SUP: 2
6 53 66 68 122 133 135 136 #SUP: 2
2 6 53 66 68 122 133 135 136 #SUP: 2
52 53 66 68 122 133 135 136 #SUP: 2
2 52 53 66 68 122 133 135 136 #SUP: 2
6 52 53 66 68 122 133 135 136 #SUP: 2
2 6 52 53 66 68 122 133 135 136 #SUP: 2
53 87 122 133 135 136 #SUP: 2
2 53 87 122 133 135 136 #SUP: 2
6 53 87 122 133 135 136 #SUP: 2
2 6 53 87 122 133 135 136 #SUP: 2
52 53 87 122 133 135 136 #SUP: 2
2 52 53 87 122 133 135 136 #SUP: 2
6 52 53 87 122 133 135 136 #SUP: 2
2 6 52 53 87 122 133 135 136 #SUP: 2
53 66 87 122 133 135 136 #SUP: 2
2 53 66 87 122 133 135 136 #SUP: 2
6 53 66 87 122 133 135 136 #SUP: 2
2 6 53 66 87 122 133 135 136 #SUP: 2
52 53 66 87 122 133 135 136 #SUP: 2
2 52 53 66 87 122 133 135 136 #SUP: 2
6 52 53 66 87 122 133 135 136 #SUP: 2
2 6 52 53 66 87 122 133 135 136 #SUP: 2
53 68 87 122 133 135 136 #SUP: 2
2 53 68 87 122 133 135 136 #SUP: 2
6 53 68 87 122 133 135 136 #SUP: 2
2 6 53 68 87 122 133 135 136 #SUP: 2
52 53 68 87 122 133 135 136 #SUP: 2
2 52 53 68 87 122 133 135 136 #SUP: 2
6 52 53 68 87 122 133 135 136 #SUP: 2
2 6 52 53 68 87 122 133 135 136 #SUP: 2
53 66 68 87 122 133 135 136 #SUP: 2
2 53 66 68 87 122 133 135 136 #SUP: 2
6 53 66 68 87 122 133 135 136 #SUP: 2
2 6 53 66 68 87 122 133 135 136 #SUP: 2
52 53 66 68 87 122 133 135 136 #SUP: 2
2 52 53 66 68 87 122 133 135 136 #SUP: 2
6 52 53 66 68 87 122 133 135 136 #SUP: 2
2 6 52 53 66 68 87 122 133 135 136 #SUP: 2
135 #SUP: 2
2 135 #SUP: 2
6 135 #SUP: 2
2 6 135 #SUP: 2
52 135 #SUP: 2
2 52 135 #SUP: 2
6 52 135 #SUP: 2
2 6 52 135 #SUP: 2
66 135 #SUP: 2
2 66 135 #SUP: 2
6 66 135 #SUP: 2
2 6 66 135 #SUP: 2
52 66 135 #SUP: 2
2 52 66 135 #SUP: 2
6 52 66 135 #SUP: 2
2 6 52 66 135 #SUP: 2
68 135 #SUP: 2
2 68 135 #SUP: 2
6 68 135 #SUP: 2
2 6 68 135 #SUP: 2
52 68 135 #SUP: 2
2 52 68 135 #SUP: 2
6 52 68 135 #SUP: 2
2 6 52 68 135 #SUP: 2
66 68 135 #SUP: 2
2 66 68 135 #SUP: 2
6 66 68 135 #SUP: 2
2 6 66 68 135 #SUP: 2
52 66 68 135 #SUP: 2
2 52 66 68 135 #SUP: 2
6 52 66 68 135 #SUP: 2
2 6 52 66 68 135 #SUP: 2
87 135 #SUP: 2
2 87 135 #SUP: 2
6 87 135 #SUP: 2
2 6 87 135 #SUP: 2
52 87 135 #SUP: 2
2 52 87 135 #SUP: 2
6 52 87 135 #SUP: 2
2 6 52 87 135 #SUP: 2
66 87 135 #SUP: 2
2 66 87 135 #SUP: 2
6 66 87 135 #SUP: 2
2 6 66 87 135 #SUP: 2
52 66 87 135 #SUP: 2
2 52 66 87 135 #SUP: 2
6 52 66 87 135 #SUP: 2
2 6 52 66 87 135 #SUP: 2
68 87 135 #SUP: 2
2 68 87 135 #SUP: 2
6 68 87 135 #SUP: 2
2 6 68 87 135 #SUP: 2
52 68 87 135 #SUP: 2
2 52 68 87 135 #SUP: 2
6 52 68 87 135 #SUP: 2
2 6 52 68 87 135 #SUP: 2
66 68 87 135 #SUP: 2
2 66 68 87 135 #SUP: 2
6 66 68 87 135 #SUP: 2
2 6 66 68 87 135 #SUP: 2
52 66 68 87 135 #SUP: 2
2 52 66 68 87 135 #SUP: 2
6 52 66 68 87 135 #SUP: 2
2 6 52 66 68 87 135 #SUP: 2
53 135 #SUP: 2
2 53 135 #SUP: 2
6 53 135 #SUP: 2
2 6 53 135 #SUP: 2
52 53 135 #SUP: 2
2 52 53 135 #SUP: 2
6 52 53 135 #SUP: 2
2 6 52 53 135 #SUP: 2
53 66 135 #SUP: 2
2 53 66 135 #SUP: 2
6 53 66 135 #SUP: 2
2 6 53 66 135 #SUP: 2
52 53 66 135 #SUP: 2
2 52 53 66 135 #SUP: 2
6 52 53 66 135 #SUP: 2
2 6 52 53 66 135 #SUP: 2
53 68 135 #SUP: 2
2 53 68 135 #SUP: 2
6 53 68 135 #SUP: 2
2 6 53 68 135 #SUP: 2
52 53 68 135 #SUP: 2
2 52 53 68 135 #SUP: 2
6 52 53 68 135 #SUP: 2
2 6 52 53 68 135 #SUP: 2
53 66 68 135 #SUP: 2
2 53 66 68 135 #SUP: 2
6 53 66 68 135 #SUP: 2
2 6 53 66 68 135 #SUP: 2
52 53 66 68 135 #SUP: 2
2 52 53 66 68 135 #SUP: 2
6 52 53 66 68 135 #SUP: 2
2 6 52 53 66 68 135 #SUP: 2
53 87 135 #SUP: 2
2 53 87 135 #SUP: 2
6 53 87 135 #SUP: 2
2 6 53 87 135 #SUP: 2
52 53 87 135 #SUP: 2
2 52 53 87 135 #SUP: 2
6 52 53 87 135 #SUP: 2
2 6 52 53 87 135 #SUP: 2
53 66 87 135 #SUP: 2
2 53 66 87 135 #SUP: 2
6 53 66 87 135 #SUP: 2
2 6 53 66 87 135 #SUP: 2
52 53 66 87 135 #SUP: 2
2 52 53 66 87 135 #SUP: 2
6 52 53 66 87 135 #SUP: 2
2 6 52 53 66 87 135 #SUP: 2
53 68 87 135 #SUP: 2
2 53 68 87 135 #SUP: 2
6 53 68 87 135 #SUP: 2
2 6 53 68 87 135 #SUP: 2
52 53 68 87 135 #SUP: 2
2 52 53 68 87 135 #SUP: 2
6 52 53 68 87 135 #SUP: 2
2 6 52 53 68 87 135 #SUP: 2
53 66 68 87 135 #SUP: 2
2 53 66 68 87 135 #SUP: 2
6 53 66 68 87 135 #SUP: 2
2 6 53 66 68 87 135 #SUP: 2
52 53 66 68 87 135 #SUP: 2
2 52 53 66 68 87 135 #SUP: 2
6 52 53 66 68 87 135 #SUP: 2
2 6 52 53 66 68 87 135 #SUP: 2
122 135 #SUP: 2
2 122 135 #SUP: 2
6 122 135 #SUP: 2
2 6 122 135 #SUP: 2
52 122 135 #SUP: 2
2 52 122 135 #SUP: 2
6 52 122 135 #SUP: 2
2 6 52 122 135 #SUP: 2
66 122 135 #SUP: 2
2 66 122 135 #SUP: 2
6 66 122 135 #SUP: 2
2 6 66 122 135 #SUP: 2
52 66 122 135 #SUP: 2
2 52 66 122 135 #SUP: 2
6 52 66 122 135 #SUP: 2
2 6 52 66 122 135 #SUP: 2
68 122 135 #SUP: 2
2 68 122 135 #SUP: 2
6 68 122 135 #SUP: 2
2 6 68 122 135 #SUP: 2
52 68 122 135 #SUP: 2
2 52 68 122 135 #SUP: 2
6 52 68 122 135 #SUP: 2
2 6 52 68 122 135 #SUP: 2
66 68 122 135 #SUP: 2
2 66 68 122 135 #SUP: 2
6 66 68 122 135 #SUP: 2
2 6 66 68 122 135 #SUP: 2
52 66 68 122 135 #SUP: 2
2 52 66 68 122 135 #SUP: 2
6 52 66 68 122 135 #SUP: 2
2 6 52 66 68 122 135 #SUP: 2
87 122 135 #SUP: 2
2 87 122 135 #SUP: 2
6 87 122 135 #SUP: 2
2 6 87 122 135 #SUP: 2
52 87 122 135 #SUP: 2
2 52 87 122 135 #SUP: 2
6 52 87 122 135 #SUP: 2
2 6 52 87 122 135 #SUP: 2
66 87 122 135 #SUP: 2
2 66 87 122 135 #SUP: 2
6 66 87 122 135 #SUP: 2
2 6 66 87 122 135 #SUP: 2
52 66 87 122 135 #SUP: 2
2 52 66 87 122 135 #SUP: 2
6 52 66 87 122 135 #SUP: 2
2 6 52 66 87 122 135 #SUP: 2
68 87 122 135 #SUP: 2
2 68 87 122 135 #SUP: 2
6 68 87 122 135 #SUP: 2
2 6 68 87 122 135 #SUP: 2
52 68 87 122 135 #SUP: 2
2 52 68 87 122 135 #SUP: 2
6 52 68 87 122 135 #SUP: 2
2 6 52 68 87 122 135 #SUP: 2
66 68 87 122 135 #SUP: 2
2 66 68 87 122 135 #SUP: 2
6 66 68 87 122 135 #SUP: 2
2 6 66 68 87 122 135 #SUP: 2
52 66 68 87 122 135 #SUP: 2
2 52 66 68 87 122 135 #SUP: 2
6 52 66 68 87 122 135 #SUP: 2
2 6 52 66 68 87 122 135 #SUP: 2
53 122 135 #SUP: 2
2 53 122 135 #SUP: 2
6 53 122 135 #SUP: 2
2 6 53 122 135 #SUP: 2
52 53 122 135 #SUP: 2
2 52 53 122 135 #SUP: 2
6 52 53 122 135 #SUP: 2
2 6 52 53 122 135 #SUP: 2
53 66 122 135 #SUP: 2
2 53 66 122 135 #SUP: 2
6 53 66 122 135 #SUP: 2
2 6 53 66 122 135 #SUP: 2
52 53 66 122 135 #SUP: 2
2 52 53 66 122 135 #SUP: 2
6 52 53 66 122 135 #SUP: 2
2 6 52 53 66 122 135 #SUP: 2
53 68 122 135 #SUP: 2
2 53 68 122 135 #SUP: 2
6 53 68 122 135 #SUP: 2
2 6 53 68 122 135 #SUP: 2
52 53 68 122 135 #SUP: 2
2 52 53 68 122 135 #SUP: 2
6 52 53 68 122 135 #SUP: 2
2 6 52 53 68 122 135 #SUP: 2
53 66 68 122 135 #SUP: 2
2 53 66 68 122 135 #SUP: 2
6 53 66 68 122 135 #SUP: 2
2 6 53 66 68 122 135 #SUP: 2
52 53 66 68 122 135 #SUP: 2
2 52 53 66 68 122 135 #SUP: 2
6 52 53 66 68 122 135 #SUP: 2
2 6 52 53 66 68 122 135 #SUP: 2
53 87 122 135 #SUP: 2
2 53 87 122 135 #SUP: 2
6 53 87 122 135 #SUP: 2
2 6 53 87 122 135 #SUP: 2
52 53 87 122 135 #SUP: 2
2 52 53 87 122 135 #SUP: 2
6 52 53 87 122 135 #SUP: 2
2 6 52 53 87 122 135 #SUP: 2
53 66 87 122 135 #SUP: 2
2 53 66 87 122 135 #SUP: 2
6 53 66 87 122 135 #SUP: 2
2 6 53 66 87 122 135 #SUP: 2
52 53 66 87 122 135 #SUP: 2
2 52 53 66 87 122 135 #SUP: 2
6 52 53 66 87 122 135 #SUP: 2
2 6 52 53 66 87 122 135 #SUP: 2
53 68 87 122 135 #SUP: 2
2 53 68 87 122 135 #SUP: 2
6 53 68 87 122 135 #SUP: 2
2 6 53 68 87 122 135 #SUP: 2
52 53 68 87 122 135 #SUP: 2
2 52 53 68 87 122 135 #SUP: 2
6 52 53 68 87 122 135 #SUP: 2
2 6 52 53 68 87 122 135 #SUP: 2
53 66 68 87 122 135 #SUP: 2
2 53 66 68 87 122 135 #SUP: 2
6 53 66 68 87 122 135 #SUP: 2
2 6 53 66 68 87 122 135 #SUP: 2
52 53 66 68 87 122 135 #SUP: 2
2 52 53 66 68 87 122 135 #SUP: 2
6 52 53 66 68 87 122 135 #SUP: 2
2 6 52 53 66 68 87 122 135 #SUP: 2
133 135 #SUP: 2
2 133 135 #SUP: 2
6 133 135 #SUP: 2
2 6 133 135 #SUP: 2
52 133 135 #SUP: 2
2 52 133 135 #SUP: 2
6 52 133 135 #SUP: 2
2 6 52 133 135 #SUP: 2
66 133 135 #SUP: 2
2 66 133 135 #SUP: 2
6 66 133 135 #SUP: 2
2 6 66 133 135 #SUP: 2
52 66 133 135 #SUP: 2
2 52 66 133 135 #SUP: 2
6 52 66 133 135 #SUP: 2
2 6 52 66 133 135 #SUP: 2
68 133 135 #SUP: 2
2 68 133 135 #SUP: 2
6 68 133 135 #SUP: 2
2 6 68 133 135 #SUP: 2
52 68 133 135 #SUP: 2
2 52 68 133 135 #SUP: 2
6 52 68 133 135 #SUP: 2
2 6 52 68 133 135 #SUP: 2
66 68 133 135 #SUP: 2
2 66 68 133 135 #SUP: 2
6 66 68 133 135 #SUP: 2
2 6 66 68 133 135 #SUP: 2
52 66 68 133 135 #SUP: 2
2 52 66 68 133 135 #SUP: 2
6 52 66 68 133 135 #SUP: 2
2 6 52 66 68 133 135 #SUP: 2
87 133 135 #SUP: 2
2 87 133 135 #SUP: 2
6 87 133 135 #SUP: 2
2 6 87 133 135 #SUP: 2
52 87 133 135 #SUP: 2
2 52 87 133 135 #SUP: 2
6 52 87 133 135 #SUP: 2
2 6 52 87 133 135 #SUP: 2
66 87 133 135 #SUP: 2
2 66 87 133 135 #SUP: 2
6 66 87 133 135 #SUP: 2
2 6 66 87 133 135 #SUP: 2
52 66 87 133 135 #SUP: 2
2 52 66 87 133 135 #SUP: 2
6 52 66 87 133 135 #SUP: 2
2 6 52 66 87 133 135 #SUP: 2
68 87 133 135 #SUP: 2
2 68 87 133 135 #SUP: 2
6 68 87 133 135 #SUP: 2
2 6 68 87 133 135 #SUP: 2
52 68 87 133 135 #SUP: 2
2 52 68 87 133 135 #SUP: 2
6 52 68 87 133 135 #SUP: 2
2 6 52 68 87 133 135 #SUP: 2
66 68 87 133 135 #SUP: 2
2 66 68 87 133 135 #SUP: 2
6 66 68 87 133 135 #SUP: 2
2 6 66 68 87 133 135 #SUP: 2
52 66 68 87 133 135 #SUP: 2
2 52 66 68 87 133 135 #SUP: 2
6 52 66 68 87 133 135 #SUP: 2
2 6 52 66 68 87 133 135 #SUP: 2
53 133 135 #SUP: 2
2 53 133 135 #SUP: 2
6 53 133 135 #SUP: 2
2 6 53 133 135 #SUP: 2
52 53 133 135 #SUP: 2
2 52 53 133 135 #SUP: 2
6 52 53 133 135 #SUP: 2
2 6 52 53 133 135 #SUP: 2
53 66 133 135 #SUP: 2
2 53 66 133 135 #SUP: 2
6 53 66 133 135 #SUP: 2
2 6 53 66 133 135 #SUP: 2
52 53 66 133 135 #SUP: 2
2 52 53 66 133 135 #SUP: 2
6 52 53 66 133 135 #SUP: 2
2 6 52 53 66 133 135 #SUP: 2
53 68 133 135 #SUP: 2
2 53 68 133 135 #SUP: 2
6 53 68 133 135 #SUP: 2
2 6 53 68 133 135 #SUP: 2
52 53 68 133 135 #SUP: 2
2 52 53 68 133 135 #SUP: 2
6 52 53 68 133 135 #SUP: 2
2 6 52 53 68 133 135 #SUP: 2
53 66 68 133 135 #SUP: 2
2 53 66 68 133 135 #SUP: 2
6 53 66 68 133 135 #SUP: 2
2 6 53 66 68 133 135 #SUP: 2
52 53 66 68 133 135 #SUP: 2
2 52 53 66 68 133 135 #SUP: 2
6 52 53 66 68 133 135 #SUP: 2
2 6 52 53 66 68 133 135 #SUP: 2
53 87 133 135 #SUP: 2
2 53 87 133 135 #SUP: 2
6 53 87 133 135 #SUP: 2
2 6 53 87 133 135 #SUP: 2
52 53 87 133 135 #SUP: 2
2 52 53 87 133 135 #SUP: 2
6 52 53 87 133 135 #SUP: 2
2 6 52 53 87 133 135 #SUP: 2
53 66 87 133 135 #SUP: 2
2 53 66 87 133 135 #SUP: 2
6 53 66 87 133 135 #SUP: 2
2 6 53 66 87 133 135 #SUP: 2
52 53 66 87 133 135 #SUP: 2
2 52 53 66 87 133 135 #SUP: 2
6 52 53 66 87 133 135 #SUP: 2
2 6 52 53 66 87 133 135 #SUP: 2
53 68 87 133 135 #SUP: 2
2 53 68 87 133 135 #SUP: 2
6 53 68 87 133 135 #SUP: 2
2 6 53 68 87 133 135 #SUP: 2
52 53 68 87 133 135 #SUP: 2
2 52 53 68 87 133 135 #SUP: 2
6 52 53 68 87 133 135 #SUP: 2
2 6 52 53 68 87 133 135 #SUP: 2
53 66 68 87 133 135 #SUP: 2
2 53 66 68 87 133 135 #SUP: 2
6 53 66 68 87 133 135 #SUP: 2
2 6 53 66 68 87 133 135 #SUP: 2
52 53 66 68 87 133 135 #SUP: 2
2 52 53 66 68 87 133 135 #SUP: 2
6 52 53 66 68 87 133 135 #SUP: 2
2 6 52 53 66 68 87 133 135 #SUP: 2
122 133 135 #SUP: 2
2 122 133 135 #SUP: 2
6 122 133 135 #SUP: 2
2 6 122 133 135 #SUP: 2
52 122 133 135 #SUP: 2
2 52 122 133 135 #SUP: 2
6 52 122 133 135 #SUP: 2
2 6 52 122 133 135 #SUP: 2
66 122 133 135 #SUP: 2
2 66 122 133 135 #SUP: 2
6 66 122 133 135 #SUP: 2
2 6 66 122 133 135 #SUP: 2
52 66 122 133 135 #SUP: 2
2 52 66 122 133 135 #SUP: 2
6 52 66 122 133 135 #SUP: 2
2 6 52 66 122 133 135 #SUP: 2
68 122 133 135 #SUP: 2
2 68 122 133 135 #SUP: 2
6 68 122 133 135 #SUP: 2
2 6 68 122 133 135 #SUP: 2
52 68 122 133 135 #SUP: 2
2 52 68 122 133 135 #SUP: 2
6 52 68 122 133 135 #SUP: 2
2 6 52 68 122 133 135 #SUP: 2
66 68 122 133 135 #SUP: 2
2 66 68 122 133 135 #SUP: 2
6 66 68 122 133 135 #SUP: 2
2 6 66 68 122 133 135 #SUP: 2
52 66 68 122 133 135 #SUP: 2
2 52 66 68 122 133 135 #SUP: 2
6 52 66 68 122 133 135 #SUP: 2
2 6 52 66 68 122 133 135 #SUP: 2
87 122 133 135 #SUP: 2
2 87 122 133 135 #SUP: 2
6 87 122 133 135 #SUP: 2
2 6 87 122 133 135 #SUP: 2
52 87 122 133 135 #SUP: 2
2 52 87 122 133 135 #SUP: 2
6 52 87 122 133 135 #SUP: 2
2 6 52 87 122 133 135 #SUP: 2
66 87 122 133 135 #SUP: 2
2 66 87 122 133 135 #SUP: 2
6 66 87 122 133 135 #SUP: 2
2 6 66 87 122 133 135 #SUP: 2
52 66 87 122 133 135 #SUP: 2
2 52 66 87 122 133 135 #SUP: 2
6 52 66 87 122 133 135 #SUP: 2
2 6 52 66 87 122 133 135 #SUP: 2
68 87 122 133 135 #SUP: 2
2 68 87 122 133 135 #SUP: 2
6 68 87 122 133 135 #SUP: 2
2 6 68 87 122 133 135 #SUP: 2
52 68 87 122 133 135 #SUP: 2
2 52 68 87 122 133 135 #SUP: 2
6 52 68 87 122 133 135 #SUP: 2
2 6 52 68 87 122 133 135 #SUP: 2
66 68 87 122 133 135 #SUP: 2
2 66 68 87 122 133 135 #SUP: 2
6 66 68 87 122 133 135 #SUP: 2
2 6 66 68 87 122 133 135 #SUP: 2
52 66 68 87 122 133 135 #SUP: 2
2 52 66 68 87 122 133 135 #SUP: 2
6 52 66 68 87 122 133 135 #SUP: 2
2 6 52 66 68 87 122 133 135 #SUP: 2
53 122 133 135 #SUP: 2
2 53 122 133 135 #SUP: 2
6 53 122 133 135 #SUP: 2
2 6 53 122 133 135 #SUP: 2
52 53 122 133 135 #SUP: 2
2 52 53 122 133 135 #SUP: 2
6 52 53 122 133 135 #SUP: 2
2 6 52 53 122 133 135 #SUP: 2
53 66 122 133 135 #SUP: 2
2 53 66 122 133 135 #SUP: 2
6 53 66 122 133 135 #SUP: 2
2 6 53 66 122 133 135 #SUP: 2
52 53 66 122 133 135 #SUP: 2
2 52 53 66 122 133 135 #SUP: 2
6 52 53 66 122 133 135 #SUP: 2
2 6 52 53 66 122 133 135 #SUP: 2
53 68 122 133 135 #SUP: 2
2 53 68 122 133 135 #SUP: 2
6 53 68 122 133 135 #SUP: 2
2 6 53 68 122 133 135 #SUP: 2
52 53 68 122 133 135 #SUP: 2
2 52 53 68 122 133 135 #SUP: 2
6 52 53 68 122 133 135 #SUP: 2
2 6 52 53 68 122 133 135 #SUP: 2
53 66 68 122 133 135 #SUP: 2
2 53 66 68 122 133 135 #SUP: 2
6 53 66 68 122 133 135 #SUP: 2
2 6 53 66 68 122 133 135 #SUP: 2
52 53 66 68 122 133 135 #SUP: 2
2 52 53 66 68 122 133 135 #SUP: 2
6 52 53 66 68 122 133 135 #SUP: 2
2 6 52 53 66 68 122 133 135 #SUP: 2
53 87 122 133 135 #SUP: 2
2 53 87 122 133 135 #SUP: 2
6 53 87 122 133 135 #SUP: 2
2 6 53 87 122 133 135 #SUP: 2
52 53 87 122 133 135 #SUP: 2
2 52 53 87 122 133 135 #SUP: 2
6 52 53 87 122 133 135 #SUP: 2
2 6 52 53 87 122 133 135 #SUP: 2
53 66 87 122 133 135 #SUP: 2
2 53 66 87 122 133 135 #SUP: 2
6 53 66 87 122 133 135 #SUP: 2
2 6 53 66 87 122 133 135 #SUP: 2
52 53 66 87 122 133 135 #SUP: 2
2 52 53 66 87 122 133 135 #SUP: 2
6 52 53 66 87 122 133 135 #SUP: 2
2 6 52 53 66 87 122 133 135 #SUP: 2
53 68 87 122 133 135 #SUP: 2
2 53 68 87 122 133 135 #SUP: 2
6 53 68 87 122 133 135 #SUP: 2
2 6 53 68 87 122 133 135 #SUP: 2
52 53 68 87 122 133 135 #SUP: 2
2 52 53 68 87 122 133 135 #SUP: 2
6 52 53 68 87 122 133 135 #SUP: 2
2 6 52 53 68 87 122 133 135 #SUP: 2
53 66 68 87 122 133 135 #SUP: 2
2 53 66 68 87 122 133 135 #SUP: 2
6 53 66 68 87 122 133 135 #SUP: 2
2 6 53 66 68 87 122 133 135 #SUP: 2
52 53 66 68 87 122 133 135 #SUP: 2
2 52 53 66 68 87 122 133 135 #SUP: 2
6 52 53 66 68 87 122 133 135 #SUP: 2
2 6 52 53 66 68 87 122 133 135 #SUP: 2
133 #SUP: 2
2 133 #SUP: 2
6 133 #SUP: 2
2 6 133 #SUP: 2
52 133 #SUP: 2
2 52 133 #SUP: 2
6 52 133 #SUP: 2
2 6 52 133 #SUP: 2
66 133 #SUP: 2
2 66 133 #SUP: 2
6 66 133 #SUP: 2
2 6 66 133 #SUP: 2
52 66 133 #SUP: 2
2 52 66 133 #SUP: 2
6 52 66 133 #SUP: 2
2 6 52 66 133 #SUP: 2
68 133 #SUP: 2
2 68 133 #SUP: 2
6 68 133 #SUP: 2
2 6 68 133 #SUP: 2
52 68 133 #SUP: 2
2 52 68 133 #SUP: 2
6 52 68 133 #SUP: 2
2 6 52 68 133 #SUP: 2
66 68 133 #SUP: 2
2 66 68 133 #SUP: 2
6 66 68 133 #SUP: 2
2 6 66 68 133 #SUP: 2
52 66 68 133 #SUP: 2
2 52 66 68 133 #SUP: 2
6 52 66 68 133 #SUP: 2
2 6 52 66 68 133 #SUP: 2
87 133 #SUP: 2
2 87 133 #SUP: 2
6 87 133 #SUP: 2
2 6 87 133 #SUP: 2
52 87 133 #SUP: 2
2 52 87 133 #SUP: 2
6 52 87 133 #SUP: 2
2 6 52 87 133 #SUP: 2
66 87 133 #SUP: 2
2 66 87 133 #SUP: 2
6 66 87 133 #SUP: 2
2 6 66 87 133 #SUP: 2
52 66 87 133 #SUP: 2
2 52 66 87 133 #SUP: 2
6 52 66 87 133 #SUP: 2
2 6 52 66 87 133 #SUP: 2
68 87 133 #SUP: 2
2 68 87 133 #SUP: 2
6 68 87 133 #SUP: 2
2 6 68 87 133 #SUP: 2
52 68 87 133 #SUP: 2
2 52 68 87 133 #SUP: 2
6 52 68 87 133 #SUP: 2
2 6 52 68 87 133 #SUP: 2
66 68 87 133 #SUP: 2
2 66 68 87 133 #SUP: 2
6 66 68 87 133 #SUP: 2
2 6 66 68 87 133 #SUP: 2
52 66 68 87 133 #SUP: 2
2 52 66 68 87 133 #SUP: 2
6 52 66 68 87 133 #SUP: 2
2 6 52 66 68 87 133 #SUP: 2
53 133 #SUP: 2
2 53 133 #SUP: 2
6 53 133 #SUP: 2
2 6 53 133 #SUP: 2
52 53 133 #SUP: 2
2 52 53 133 #SUP: 2
6 52 53 133 #SUP: 2
2 6 52 53 133 #SUP: 2
53 66 133 #SUP: 2
2 53 66 133 #SUP: 2
6 53 66 133 #SUP: 2
2 6 53 66 133 #SUP: 2
52 53 66 133 #SUP: 2
2 52 53 66 133 #SUP: 2
6 52 53 66 133 #SUP: 2
2 6 52 53 66 133 #SUP: 2
53 68 133 #SUP: 2
2 53 68 133 #SUP: 2
6 53 68 133 #SUP: 2
2 6 53 68 133 #SUP: 2
52 53 68 133 #SUP: 2
2 52 53 68 133 #SUP: 2
6 52 53 68 133 #SUP: 2
2 6 52 53 68 133 #SUP: 2
53 66 68 133 #SUP: 2
2 53 66 68 133 #SUP: 2
6 53 66 68 133 #SUP: 2
2 6 53 66 68 133 #SUP: 2
52 53 66 68 133 #SUP: 2
2 52 53 66 68 133 #SUP: 2
6 52 53 66 68 133 #SUP: 2
2 6 52 53 66 68 133 #SUP: 2
53 87 133 #SUP: 2
2 53 87 133 #SUP: 2
6 53 87 133 #SUP: 2
2 6 53 87 133 #SUP: 2
52 53 87 133 #SUP: 2
2 52 53 87 133 #SUP: 2
6 52 53 87 133 #SUP: 2
2 6 52 53 87 133 #SUP: 2
53 66 87 133 #SUP: 2
2 53 66 87 133 #SUP: 2
6 53 66 87 133 #SUP: 2
2 6 53 66 87 133 #SUP: 2
52 53 66 87 133 #SUP: 2
2 52 53 66 87 133 #SUP: 2
6 52 53 66 87 133 #SUP: 2
2 6 52 53 66 87 133 #SUP: 2
53 68 87 133 #SUP: 2
2 53 68 87 133 #SUP: 2
6 53 68 87 133 #SUP: 2
2 6 53 68 87 133 #SUP: 2
52 53 68 87 133 #SUP: 2
2 52 53 68 87 133 #SUP: 2
6 52 53 68 87 133 #SUP: 2
2 6 52 53 68 87 133 #SUP: 2
53 66 68 87 133 #SUP: 2
2 53 66 68 87 133 #SUP: 2
6 53 66 68 87 133 #SUP: 2
2 6 53 66 68 87 133 #SUP: 2
52 53 66 68 87 133 #SUP: 2
2 52 53 66 68 87 133 #SUP: 2
6 52 53 66 68 87 133 #SUP: 2
2 6 52 53 66 68 87 133 #SUP: 2
122 133 #SUP: 2
2 122 133 #SUP: 2
6 122 133 #SUP: 2
2 6 122 133 #SUP: 2
52 122 133 #SUP: 2
2 52 122 133 #SUP: 2
6 52 122 133 #SUP: 2
2 6 52 122 133 #SUP: 2
66 122 133 #SUP: 2
2 66 122 133 #SUP: 2
6 66 122 133 #SUP: 2
2 6 66 122 133 #SUP: 2
52 66 122 133 #SUP: 2
2 52 66 122 133 #SUP: 2
6 52 66 122 133 #SUP: 2
2 6 52 66 122 133 #SUP: 2
68 122 133 #SUP: 2
2 68 122 133 #SUP: 2
6 68 122 133 #SUP: 2
2 6 68 122 133 #SUP: 2
52 68 122 133 #SUP: 2
2 52 68 122 133 #SUP: 2
6 52 68 122 133 #SUP: 2
2 6 52 68 122 133 #SUP: 2
66 68 122 133 #SUP: 2
2 66 68 122 133 #SUP: 2
6 66 68 122 133 #SUP: 2
2 6 66 68 122 133 #SUP: 2
52 66 68 122 133 #SUP: 2
2 52 66 68 122 133 #SUP: 2
6 52 66 68 122 133 #SUP: 2
2 6 52 66 68 122 133 #SUP: 2
87 122 133 #SUP: 2
2 87 122 133 #SUP: 2
6 87 122 133 #SUP: 2
2 6 87 122 133 #SUP: 2
52 87 122 133 #SUP: 2
2 52 87 122 133 #SUP: 2
6 52 87 122 133 #SUP: 2
2 6 52 87 122 133 #SUP: 2
66 87 122 133 #SUP: 2
2 66 87 122 133 #SUP: 2
6 66 87 122 133 #SUP: 2
2 6 66 87 122 133 #SUP: 2
52 66 87 122 133 #SUP: 2
2 52 66 87 122 133 #SUP: 2
6 52 66 87 122 133 #SUP: 2
2 6 52 66 87 122 133 #SUP: 2
68 87 122 133 #SUP: 2
2 68 87 122 133 #SUP: 2
6 68 87 122 133 #SUP: 2
2 6 68 87 122 133 #SUP: 2
52 68 87 122 133 #SUP: 2
2 52 68 87 122 133 #SUP: 2
6 52 68 87 122 133 #SUP: 2
2 6 52 68 87 122 133 #SUP: 2
66 68 87 122 133 #SUP: 2
2 66 68 87 122 133 #SUP: 2
6 66 68 87 122 133 #SUP: 2
2 6 66 68 87 122 133 #SUP: 2
52 66 68 87 122 133 #SUP: 2
2 52 66 68 87 122 133 #SUP: 2
6 52 66 68 87 122 133 #SUP: 2
2 6 52 66 68 87 122 133 #SUP: 2
53 122 133 #SUP: 2
2 53 122 133 #SUP: 2
6 53 122 133 #SUP: 2
2 6 53 122 133 #SUP: 2
52 53 122 133 #SUP: 2
2 52 53 122 133 #SUP: 2
6 52 53 122 133 #SUP: 2
2 6 52 53 122 133 #SUP: 2
53 66 122 133 #SUP: 2
2 53 66 122 133 #SUP: 2
6 53 66 122 133 #SUP: 2
2 6 53 66 122 133 #SUP: 2
52 53 66 122 133 #SUP: 2
2 52 53 66 122 133 #SUP: 2
6 52 53 66 122 133 #SUP: 2
2 6 52 53 66 122 133 #SUP: 2
53 68 122 133 #SUP: 2
2 53 68 122 133 #SUP: 2
6 53 68 122 133 #SUP: 2
2 6 53 68 122 133 #SUP: 2
52 53 68 122 133 #SUP: 2
2 52 53 68 122 133 #SUP: 2
6 52 53 68 122 133 #SUP: 2
2 6 52 53 68 122 133 #SUP: 2
53 66 68 122 133 #SUP: 2
2 53 66 68 122 133 #SUP: 2
6 53 66 68 122 133 #SUP: 2
2 6 53 66 68 122 133 #SUP: 2
52 53 66 68 122 133 #SUP: 2
2 52 53 66 68 122 133 #SUP: 2
6 52 53 66 68 122 133 #SUP: 2
2 6 52 53 66 68 122 133 #SUP: 2
53 87 122 133 #SUP: 2
2 53 87 122 133 #SUP: 2
6 53 87 122 133 #SUP: 2
2 6 53 87 122 133 #SUP: 2
52 53 87 122 133 #SUP: 2
2 52 53 87 122 133 #SUP: 2
6 52 53 87 122 133 #SUP: 2
2 6 52 53 87 122 133 #SUP: 2
53 66 87 122 133 #SUP: 2
2 53 66 87 122 133 #SUP: 2
6 53 66 87 122 133 #SUP: 2
2 6 53 66 87 122 133 #SUP: 2
52 53 66 87 122 133 #SUP: 2
2 52 53 66 87 122 133 #SUP: 2
6 52 53 66 87 122 133 #SUP: 2
2 6 52 53 66 87 122 133 #SUP: 2
53 68 87 122 133 #SUP: 2
2 53 68 87 122 133 #SUP: 2
6 53 68 87 122 133 #SUP: 2
2 6 53 68 87 122 133 #SUP: 2
52 53 68 87 122 133 #SUP: 2
2 52 53 68 87 122 133 #SUP: 2
6 52 53 68 87 122 133 #SUP: 2
2 6 52 53 68 87 122 133 #SUP: 2
53 66 68 87 122 133 #SUP: 2
2 53 66 68 87 122 133 #SUP: 2
6 53 66 68 87 122 133 #SUP: 2
2 6 53 66 68 87 122 133 #SUP: 2
52 53 66 68 87 122 133 #SUP: 2
2 52 53 66 68 87 122 133 #SUP: 2
6 52 53 66 68 87 122 133 #SUP: 2
2 6 52 53 66 68 87 122 133 #SUP: 2
122 #SUP: 2
2 122 #SUP: 2
6 122 #SUP: 2
2 6 122 #SUP: 2
52 122 #SUP: 2
2 52 122 #SUP: 2
6 52 122 #SUP: 2
2 6 52 122 #SUP: 2
66 122 #SUP: 2
2 66 122 #SUP: 2
6 66 122 #SUP: 2
2 6 66 122 #SUP: 2
52 66 122 #SUP: 2
2 52 66 122 #SUP: 2
6 52 66 122 #SUP: 2
2 6 52 66 122 #SUP: 2
68 122 #SUP: 2
2 68 122 #SUP: 2
6 68 122 #SUP: 2
2 6 68 122 #SUP: 2
52 68 122 #SUP: 2
2 52 68 122 #SUP: 2
6 52 68 122 #SUP: 2
2 6 52 68 122 #SUP: 2
66 68 122 #SUP: 2
2 66 68 122 #SUP: 2
6 66 68 122 #SUP: 2
2 6 66 68 122 #SUP: 2
52 66 68 122 #SUP: 2
2 52 66 68 122 #SUP: 2
6 52 66 68 122 #SUP: 2
2 6 52 66 68 122 #SUP: 2
87 122 #SUP: 2
2 87 122 #SUP: 2
6 87 122 #SUP: 2
2 6 87 122 #SUP: 2
52 87 122 #SUP: 2
2 52 87 122 #SUP: 2
6 52 87 122 #SUP: 2
2 6 52 87 122 #SUP: 2
66 87 122 #SUP: 2
2 66 87 122 #SUP: 2
6 66 87 122 #SUP: 2
2 6 66 87 122 #SUP: 2
52 66 87 122 #SUP: 2
2 52 66 87 122 #SUP: 2
6 52 66 87 122 #SUP: 2
2 6 52 66 87 122 #SUP: 2
68 87 122 #SUP: 2
2 68 87 122 #SUP: 2
6 68 87 122 #SUP: 2
2 6 68 87 122 #SUP: 2
52 68 87 122 #SUP: 2
2 52 68 87 122 #SUP: 2
6 52 68 87 122 #SUP: 2
2 6 52 68 87 122 #SUP: 2
66 68 87 122 #SUP: 2
2 66 68 87 122 #SUP: 2
6 66 68 87 122 #SUP: 2
2 6 66 68 87 122 #SUP: 2
52 66 68 87 122 #SUP: 2
2 52 66 68 87 122 #SUP: 2
6 52 66 68 87 122 #SUP: 2
2 6 52 66 68 87 122 #SUP: 2
53 122 #SUP: 2
2 53 122 #SUP: 2
6 53 122 #SUP: 2
2 6 53 122 #SUP: 2
52 53 122 #SUP: 2
2 52 53 122 #SUP: 2
6 52 53 122 #SUP: 2
2 6 52 53 122 #SUP: 2
53 66 122 #SUP: 2
2 53 66 122 #SUP: 2
6 53 66 122 #SUP: 2
2 6 53 66 122 #SUP: 2
52 53 66 122 #SUP: 2
2 52 53 66 122 #SUP: 2
6 52 53 66 122 #SUP: 2
2 6 52 53 66 122 #SUP: 2
53 68 122 #SUP: 2
2 53 68 122 #SUP: 2
6 53 68 122 #SUP: 2
2 6 53 68 122 #SUP: 2
52 53 68 122 #SUP: 2
2 52 53 68 122 #SUP: 2
6 52 53 68 122 #SUP: 2
2 6 52 53 68 122 #SUP: 2
53 66 68 122 #SUP: 2
2 53 66 68 122 #SUP: 2
6 53 66 68 122 #SUP: 2
2 6 53 66 68 122 #SUP: 2
52 53 66 68 122 #SUP: 2
2 52 53 66 68 122 #SUP: 2
6 52 53 66 68 122 #SUP: 2
2 6 52 53 66 68 122 #SUP: 2
53 87 122 #SUP: 2
2 53 87 122 #SUP: 2
6 53 87 122 #SUP: 2
2 6 53 87 122 #SUP: 2
52 53 87 122 #SUP: 2
2 52 53 87 122 #SUP: 2
6 52 53 87 122 #SUP: 2
2 6 52 53 87 122 #SUP: 2
53 66 87 122 #SUP: 2
2 53 66 87 122 #SUP: 2
6 53 66 87 122 #SUP: 2
2 6 53 66 87 122 #SUP: 2
52 53 66 87 122 #SUP: 2
2 52 53 66 87 122 #SUP: 2
6 52 53 66 87 122 #SUP: 2
2 6 52 53 66 87 122 #SUP: 2
53 68 87 122 #SUP: 2
2 53 68 87 122 #SUP: 2
6 53 68 87 122 #SUP: 2
2 6 53 68 87 122 #SUP: 2
52 53 68 87 122 #SUP: 2
2 52 53 68 87 122 #SUP: 2
6 52 53 68 87 122 #SUP: 2
2 6 52 53 68 87 122 #SUP: 2
53 66 68 87 122 #SUP: 2
2 53 66 68 87 122 #SUP: 2
6 53 66 68 87 122 #SUP: 2
2 6 53 66 68 87 122 #SUP: 2
52 53 66 68 87 122 #SUP: 2
2 52 53 66 68 87 122 #SUP: 2
6 52 53 66 68 87 122 #SUP: 2
2 6 52 53 66 68 87 122 #SUP: 2
115 #SUP: 2
89 115 #SUP: 2
91 #SUP: 2
90 #SUP: 2
81 #SUP: 2
76 #SUP: 2
66 76 #SUP: 2
68 76 #SUP: 2
66 68 76 #SUP: 2
64 76 #SUP: 2
64 66 76 #SUP: 2
64 68 76 #SUP: 2
64 66 68 76 #SUP: 2
75 #SUP: 2
65 75 #SUP: 2
21 75 #SUP: 2
21 65 75 #SUP: 2
64 #SUP: 2
64 66 #SUP: 2
64 68 #SUP: 2
64 66 68 #SUP: 2
44 #SUP: 2
38 #SUP: 2
33 #SUP: 2
21 33 #SUP: 2
26 #SUP: 2
2 26 #SUP: 2
1 #SUP: 2
104 #SUP: 3
102 #SUP: 3
53 102 #SUP: 2
6 53 102 #SUP: 2
52 102 #SUP: 2
2 52 102 #SUP: 2
6 52 102 #SUP: 2
2 6 52 102 #SUP: 2
2 102 #SUP: 2
6 102 #SUP: 3
2 6 102 #SUP: 2
67 #SUP: 3
67 89 #SUP: 2
2 67 89 #SUP: 2
52 67 89 #SUP: 2
2 52 67 89 #SUP: 2
66 67 89 #SUP: 2
2 66 67 89 #SUP: 2
52 66 67 89 #SUP: 2
2 52 66 67 89 #SUP: 2
67 68 89 #SUP: 2
2 67 68 89 #SUP: 2
52 67 68 89 #SUP: 2
2 52 67 68 89 #SUP: 2
66 67 68 89 #SUP: 2
2 66 67 68 89 #SUP: 2
52 66 67 68 89 #SUP: 2
2 52 66 67 68 89 #SUP: 2
65 67 89 #SUP: 2
2 65 67 89 #SUP: 2
52 65 67 89 #SUP: 2
2 52 65 67 89 #SUP: 2
65 66 67 89 #SUP: 2
2 65 66 67 89 #SUP: 2
52 65 66 67 89 #SUP: 2
2 52 65 66 67 89 #SUP: 2
65 67 68 89 #SUP: 2
2 65 67 68 89 #SUP: 2
52 65 67 68 89 #SUP: 2
2 52 65 67 68 89 #SUP: 2
65 66 67 68 89 #SUP: 2
2 65 66 67 68 89 #SUP: 2
52 65 66 67 68 89 #SUP: 2
2 52 65 66 67 68 89 #SUP: 2
67 87 89 #SUP: 2
2 67 87 89 #SUP: 2
52 67 87 89 #SUP: 2
2 52 67 87 89 #SUP: 2
66 67 87 89 #SUP: 2
2 66 67 87 89 #SUP: 2
52 66 67 87 89 #SUP: 2
2 52 66 67 87 89 #SUP: 2
67 68 87 89 #SUP: 2
2 67 68 87 89 #SUP: 2
52 67 68 87 89 #SUP: 2
2 52 67 68 87 89 #SUP: 2
66 67 68 87 89 #SUP: 2
2 66 67 68 87 89 #SUP: 2
52 66 67 68 87 89 #SUP: 2
2 52 66 67 68 87 89 #SUP: 2
65 67 87 89 #SUP: 2
2 65 67 87 89 #SUP: 2
52 65 67 87 89 #SUP: 2
2 52 65 67 87 89 #SUP: 2
65 66 67 87 89 #SUP: 2
2 65 66 67 87 89 #SUP: 2
52 65 66 67 87 89 #SUP: 2
2 52 65 66 67 87 89 #SUP: 2
65 67 68 87 89 #SUP: 2
2 65 67 68 87 89 #SUP: 2
52 65 67 68 87 89 #SUP: 2
2 52 65 67 68 87 89 #SUP: 2
65 66 67 68 87 89 #SUP: 2
2 65 66 67 68 87 89 #SUP: 2
52 65 66 67 68 87 89 #SUP: 2
2 52 65 66 67 68 87 89 #SUP: 2
67 87 #SUP: 2
2 67 87 #SUP: 2
52 67 87 #SUP: 2
2 52 67 87 #SUP: 2
66 67 87 #SUP: 2
2 66 67 87 #SUP: 2
52 66 67 87 #SUP: 2
2 52 66 67 87 #SUP: 2
67 68 87 #SUP: 2
2 67 68 87 #SUP: 2
52 67 68 87 #SUP: 2
2 52 67 68 87 #SUP: 2
66 67 68 87 #SUP: 2
2 66 67 68 87 #SUP: 2
52 66 67 68 87 #SUP: 2
2 52 66 67 68 87 #SUP: 2
65 67 87 #SUP: 2
2 65 67 87 #SUP: 2
52 65 67 87 #SUP: 2
2 52 65 67 87 #SUP: 2
65 66 67 87 #SUP: 2
2 65 66 67 87 #SUP: 2
52 65 66 67 87 #SUP: 2
2 52 65 66 67 87 #SUP: 2
65 67 68 87 #SUP: 2
2 65 67 68 87 #SUP: 2
52 65 67 68 87 #SUP: 2
2 52 65 67 68 87 #SUP: 2
65 66 67 68 87 #SUP: 2
2 65 66 67 68 87 #SUP: 2
52 65 66 67 68 87 #SUP: 2
2 52 65 66 67 68 87 #SUP: 2
52 67 #SUP: 2
2 52 67 #SUP: 2
2 67 #SUP: 2
67 68 #SUP: 3
52 67 68 #SUP: 2
2 52 67 68 #SUP: 2
2 67 68 #SUP: 2
66 67 68 #SUP: 3
2 66 67 68 #SUP: 2
52 66 67 68 #SUP: 2
2 52 66 67 68 #SUP: 2
66 67 #SUP: 3
2 66 67 #SUP: 2
52 66 67 #SUP: 2
2 52 66 67 #SUP: 2
65 67 #SUP: 3
52 65 67 #SUP: 2
2 52 65 67 #SUP: 2
2 65 67 #SUP: 2
65 67 68 #SUP: 3
52 65 67 68 #SUP: 2
2 52 65 67 68 #SUP: 2
2 65 67 68 #SUP: 2
65 66 67 68 #SUP: 3
2 65 66 67 68 #SUP: 2
52 65 66 67 68 #SUP: 2
2 52 65 66 67 68 #SUP: 2
65 66 67 #SUP: 3
2 65 66 67 #SUP: 2
52 65 66 67 #SUP: 2
2 52 65 66 67 #SUP: 2
53 #SUP: 3
53 87 #SUP: 2
2 53 87 #SUP: 2
6 53 87 #SUP: 2
2 6 53 87 #SUP: 2
52 53 87 #SUP: 2
2 52 53 87 #SUP: 2
6 52 53 87 #SUP: 2
2 6 52 53 87 #SUP: 2
53 66 87 #SUP: 2
2 53 66 87 #SUP: 2
6 53 66 87 #SUP: 2
2 6 53 66 87 #SUP: 2
52 53 66 87 #SUP: 2
2 52 53 66 87 #SUP: 2
6 52 53 66 87 #SUP: 2
2 6 52 53 66 87 #SUP: 2
53 68 87 #SUP: 2
2 53 68 87 #SUP: 2
6 53 68 87 #SUP: 2
2 6 53 68 87 #SUP: 2
52 53 68 87 #SUP: 2
2 52 53 68 87 #SUP: 2
6 52 53 68 87 #SUP: 2
2 6 52 53 68 87 #SUP: 2
53 66 68 87 #SUP: 2
2 53 66 68 87 #SUP: 2
6 53 66 68 87 #SUP: 2
2 6 53 66 68 87 #SUP: 2
52 53 66 68 87 #SUP: 2
2 52 53 66 68 87 #SUP: 2
6 52 53 66 68 87 #SUP: 2
2 6 52 53 66 68 87 #SUP: 2
53 68 #SUP: 2
2 53 68 #SUP: 2
6 53 68 #SUP: 2
2 6 53 68 #SUP: 2
52 53 68 #SUP: 2
2 52 53 68 #SUP: 2
6 52 53 68 #SUP: 2
2 6 52 53 68 #SUP: 2
53 66 68 #SUP: 2
2 53 66 68 #SUP: 2
6 53 66 68 #SUP: 2
2 6 53 66 68 #SUP: 2
52 53 66 68 #SUP: 2
2 52 53 66 68 #SUP: 2
6 52 53 66 68 #SUP: 2
2 6 52 53 66 68 #SUP: 2
53 66 #SUP: 2
2 53 66 #SUP: 2
6 53 66 #SUP: 2
2 6 53 66 #SUP: 2
52 53 66 #SUP: 2
2 52 53 66 #SUP: 2
6 52 53 66 #SUP: 2
2 6 52 53 66 #SUP: 2
52 53 #SUP: 2
2 52 53 #SUP: 2
6 52 53 #SUP: 2
2 6 52 53 #SUP: 2
2 53 #SUP: 2
6 53 #SUP: 3
2 6 53 #SUP: 2
21 #SUP: 3
21 65 #SUP: 2
15 #SUP: 3
3 #SUP: 3
89 #SUP: 4
87 89 #SUP: 2
2 87 89 #SUP: 2
52 87 89 #SUP: 2
2 52 87 89 #SUP: 2
66 87 89 #SUP: 2
2 66 87 89 #SUP: 2
52 66 87 89 #SUP: 2
2 52 66 87 89 #SUP: 2
68 87 89 #SUP: 2
2 68 87 89 #SUP: 2
52 68 87 89 #SUP: 2
2 52 68 87 89 #SUP: 2
66 68 87 89 #SUP: 2
2 66 68 87 89 #SUP: 2
52 66 68 87 89 #SUP: 2
2 52 66 68 87 89 #SUP: 2
65 87 89 #SUP: 2
2 65 87 89 #SUP: 2
52 65 87 89 #SUP: 2
2 52 65 87 89 #SUP: 2
65 66 87 89 #SUP: 2
2 65 66 87 89 #SUP: 2
52 65 66 87 89 #SUP: 2
2 52 65 66 87 89 #SUP: 2
65 68 87 89 #SUP: 2
2 65 68 87 89 #SUP: 2
52 65 68 87 89 #SUP: 2
2 52 65 68 87 89 #SUP: 2
65 66 68 87 89 #SUP: 2
2 65 66 68 87 89 #SUP: 2
52 65 66 68 87 89 #SUP: 2
2 52 65 66 68 87 89 #SUP: 2
65 89 #SUP: 2
2 65 89 #SUP: 2
52 65 89 #SUP: 2
2 52 65 89 #SUP: 2
65 66 89 #SUP: 2
2 65 66 89 #SUP: 2
52 65 66 89 #SUP: 2
2 52 65 66 89 #SUP: 2
65 68 89 #SUP: 2
2 65 68 89 #SUP: 2
52 65 68 89 #SUP: 2
2 52 65 68 89 #SUP: 2
65 66 68 89 #SUP: 2
2 65 66 68 89 #SUP: 2
52 65 66 68 89 #SUP: 2
2 52 65 66 68 89 #SUP: 2
6 89 #SUP: 2
2 6 89 #SUP: 2
68 89 #SUP: 3
52 68 89 #SUP: 2
2 52 68 89 #SUP: 2
6 68 89 #SUP: 2
2 6 68 89 #SUP: 2
66 68 89 #SUP: 3
52 66 68 89 #SUP: 2
2 52 66 68 89 #SUP: 2
6 66 68 89 #SUP: 2
2 6 66 68 89 #SUP: 2
2 66 68 89 #SUP: 3
2 68 89 #SUP: 3
66 89 #SUP: 3
52 66 89 #SUP: 2
2 52 66 89 #SUP: 2
6 66 89 #SUP: 2
2 6 66 89 #SUP: 2
2 66 89 #SUP: 3
52 89 #SUP: 3
2 52 89 #SUP: 2
2 89 #SUP: 3
87 #SUP: 4
65 87 #SUP: 2
2 65 87 #SUP: 2
52 65 87 #SUP: 2
2 52 65 87 #SUP: 2
65 66 87 #SUP: 2
2 65 66 87 #SUP: 2
52 65 66 87 #SUP: 2
2 52 65 66 87 #SUP: 2
65 68 87 #SUP: 2
2 65 68 87 #SUP: 2
52 65 68 87 #SUP: 2
2 52 65 68 87 #SUP: 2
65 66 68 87 #SUP: 2
2 65 66 68 87 #SUP: 2
52 65 66 68 87 #SUP: 2
2 52 65 66 68 87 #SUP: 2
11 87 #SUP: 2
2 11 87 #SUP: 2
11 52 87 #SUP: 2
2 11 52 87 #SUP: 2
11 66 87 #SUP: 2
2 11 66 87 #SUP: 2
11 52 66 87 #SUP: 2
2 11 52 66 87 #SUP: 2
11 68 87 #SUP: 2
2 11 68 87 #SUP: 2
11 52 68 87 #SUP: 2
2 11 52 68 87 #SUP: 2
11 66 68 87 #SUP: 2
2 11 66 68 87 #SUP: 2
11 52 66 68 87 #SUP: 2
2 11 52 66 68 87 #SUP: 2
6 87 #SUP: 2
2 6 87 #SUP: 2
68 87 #SUP: 3
6 68 87 #SUP: 2
2 6 68 87 #SUP: 2
66 68 87 #SUP: 3
6 66 68 87 #SUP: 2
2 6 66 68 87 #SUP: 2
52 66 68 87 #SUP: 3
2 52 66 68 87 #SUP: 3
6 52 66 68 87 #SUP: 2
2 6 52 66 68 87 #SUP: 2
2 66 68 87 #SUP: 3
52 68 87 #SUP: 3
2 52 68 87 #SUP: 3
6 52 68 87 #SUP: 2
2 6 52 68 87 #SUP: 2
2 68 87 #SUP: 3
66 87 #SUP: 3
6 66 87 #SUP: 2
2 6 66 87 #SUP: 2
52 66 87 #SUP: 3
2 52 66 87 #SUP: 3
6 52 66 87 #SUP: 2
2 6 52 66 87 #SUP: 2
2 66 87 #SUP: 3
52 87 #SUP: 3
2 52 87 #SUP: 3
6 52 87 #SUP: 2
2 6 52 87 #SUP: 2
2 87 #SUP: 3
65 #SUP: 4
52 65 #SUP: 2
2 52 65 #SUP: 2
2 65 #SUP: 2
65 68 #SUP: 3
52 65 68 #SUP: 2
2 52 65 68 #SUP: 2
2 65 68 #SUP: 2
65 66 68 #SUP: 3
2 65 66 68 #SUP: 2
52 65 66 68 #SUP: 2
2 52 65 66 68 #SUP: 2
65 66 #SUP: 3
2 65 66 #SUP: 2
52 65 66 #SUP: 2
2 52 65 66 #SUP: 2
11 #SUP: 4
2 11 #SUP: 2
11 52 #SUP: 2
2 11 52 #SUP: 2
11 66 #SUP: 2
2 11 66 #SUP: 2
11 52 66 #SUP: 2
2 11 52 66 #SUP: 2
11 68 #SUP: 2
2 11 68 #SUP: 2
11 52 68 #SUP: 2
2 11 52 68 #SUP: 2
11 66 68 #SUP: 2
2 11 66 68 #SUP: 2
11 52 66 68 #SUP: 2
2 11 52 66 68 #SUP: 2
178 #SUP: 5
60 178 #SUP: 2
68 #SUP: 5
52 68 #SUP: 3
2 52 68 #SUP: 3
6 52 68 #SUP: 2
2 6 52 68 #SUP: 2
6 68 #SUP: 3
2 6 68 #SUP: 3
2 68 #SUP: 4
66 68 #SUP: 5
52 66 68 #SUP: 3
2 52 66 68 #SUP: 3
6 52 66 68 #SUP: 2
2 6 52 66 68 #SUP: 2
6 66 68 #SUP: 3
2 6 66 68 #SUP: 3
2 66 68 #SUP: 4
66 #SUP: 5
52 66 #SUP: 3
2 52 66 #SUP: 3
6 52 66 #SUP: 2
2 6 52 66 #SUP: 2
6 66 #SUP: 3
2 6 66 #SUP: 3
2 66 #SUP: 4
60 #SUP: 5
52 #SUP: 6
2 52 #SUP: 4
6 52 #SUP: 3
2 6 52 #SUP: 3
6 #SUP: 7
2 6 #SUP: 4
2 #SUP: 7
