167 #SUP: 2
145 #SUP: 2
6 145 #SUP: 2
118 #SUP: 2
67 118 #SUP: 2
118 122 #SUP: 2
67 118 122 #SUP: 2
54 118 #SUP: 2
54 67 118 #SUP: 2
54 118 122 #SUP: 2
54 67 118 122 #SUP: 2
65 118 #SUP: 2
65 67 118 #SUP: 2
65 118 122 #SUP: 2
65 67 118 122 #SUP: 2
54 65 118 #SUP: 2
54 65 67 118 #SUP: 2
54 65 118 122 #SUP: 2
54 65 67 118 122 #SUP: 2
87 118 #SUP: 2
67 87 118 #SUP: 2
87 118 122 #SUP: 2
67 87 118 122 #SUP: 2
54 87 118 #SUP: 2
54 67 87 118 #SUP: 2
54 87 118 122 #SUP: 2
54 67 87 118 122 #SUP: 2
65 87 118 #SUP: 2
65 67 87 118 #SUP: 2
65 87 118 122 #SUP: 2
65 67 87 118 122 #SUP: 2
54 65 87 118 #SUP: 2
54 65 67 87 118 #SUP: 2
54 65 87 118 122 #SUP: 2
54 65 67 87 118 122 #SUP: 2
104 #SUP: 2
81 #SUP: 2
67 81 #SUP: 2
65 81 #SUP: 2
65 67 81 #SUP: 2
76 81 #SUP: 2
67 76 81 #SUP: 2
65 76 81 #SUP: 2
65 67 76 81 #SUP: 2
76 #SUP: 2
67 76 #SUP: 2
65 76 #SUP: 2
65 67 76 #SUP: 2
75 #SUP: 2
67 75 #SUP: 2
66 #SUP: 2
64 #SUP: 2
6 64 #SUP: 2
64 122 #SUP: 2
6 64 122 #SUP: 2
54 64 #SUP: 2
6 54 64 #SUP: 2
54 64 122 #SUP: 2
6 54 64 122 #SUP: 2
64 68 #SUP: 2
6 64 68 #SUP: 2
64 68 122 #SUP: 2
6 64 68 122 #SUP: 2
54 64 68 #SUP: 2
6 54 64 68 #SUP: 2
54 64 68 122 #SUP: 2
6 54 64 68 122 #SUP: 2
64 83 #SUP: 2
6 64 83 #SUP: 2
64 83 122 #SUP: 2
6 64 83 122 #SUP: 2
54 64 83 #SUP: 2
6 54 64 83 #SUP: 2
54 64 83 122 #SUP: 2
6 54 64 83 122 #SUP: 2
64 68 83 #SUP: 2
6 64 68 83 #SUP: 2
64 68 83 122 #SUP: 2
6 64 68 83 122 #SUP: 2
54 64 68 83 #SUP: 2
6 54 64 68 83 #SUP: 2
54 64 68 83 122 #SUP: 2
6 54 64 68 83 122 #SUP: 2
64 87 #SUP: 2
6 64 87 #SUP: 2
64 87 122 #SUP: 2
6 64 87 122 #SUP: 2
54 64 87 #SUP: 2
6 54 64 87 #SUP: 2
54 64 87 122 #SUP: 2
6 54 64 87 122 #SUP: 2
64 68 87 #SUP: 2
6 64 68 87 #SUP: 2
64 68 87 122 #SUP: 2
6 64 68 87 122 #SUP: 2
54 64 68 87 #SUP: 2
6 54 64 68 87 #SUP: 2
54 64 68 87 122 #SUP: 2
6 54 64 68 87 122 #SUP: 2
64 83 87 #SUP: 2
6 64 83 87 #SUP: 2
64 83 87 122 #SUP: 2
6 64 83 87 122 #SUP: 2
54 64 83 87 #SUP: 2
6 54 64 83 87 #SUP: 2
54 64 83 87 122 #SUP: 2
6 54 64 83 87 122 #SUP: 2
64 68 83 87 #SUP: 2
6 64 68 83 87 #SUP: 2
64 68 83 87 122 #SUP: 2
6 64 68 83 87 122 #SUP: 2
54 64 68 83 87 #SUP: 2
6 54 64 68 83 87 #SUP: 2
54 64 68 83 87 122 #SUP: 2
6 54 64 68 83 87 122 #SUP: 2
64 89 #SUP: 2
6 64 89 #SUP: 2
64 89 122 #SUP: 2
6 64 89 122 #SUP: 2
54 64 89 #SUP: 2
6 54 64 89 #SUP: 2
54 64 89 122 #SUP: 2
6 54 64 89 122 #SUP: 2
64 68 89 #SUP: 2
6 64 68 89 #SUP: 2
64 68 89 122 #SUP: 2
6 64 68 89 122 #SUP: 2
54 64 68 89 #SUP: 2
6 54 64 68 89 #SUP: 2
54 64 68 89 122 #SUP: 2
6 54 64 68 89 122 #SUP: 2
64 83 89 #SUP: 2
6 64 83 89 #SUP: 2
64 83 89 122 #SUP: 2
6 64 83 89 122 #SUP: 2
54 64 83 89 #SUP: 2
6 54 64 83 89 #SUP: 2
54 64 83 89 122 #SUP: 2
6 54 64 83 89 122 #SUP: 2
64 68 83 89 #SUP: 2
6 64 68 83 89 #SUP: 2
64 68 83 89 122 #SUP: 2
6 64 68 83 89 122 #SUP: 2
54 64 68 83 89 #SUP: 2
6 54 64 68 83 89 #SUP: 2
54 64 68 83 89 122 #SUP: 2
6 54 64 68 83 89 122 #SUP: 2
64 87 89 #SUP: 2
6 64 87 89 #SUP: 2
64 87 89 122 #SUP: 2
6 64 87 89 122 #SUP: 2
54 64 87 89 #SUP: 2
6 54 64 87 89 #SUP: 2
54 64 87 89 122 #SUP: 2
6 54 64 87 89 122 #SUP: 2
64 68 87 89 #SUP: 2
6 64 68 87 89 #SUP: 2
64 68 87 89 122 #SUP: 2
6 64 68 87 89 122 #SUP: 2
54 64 68 87 89 #SUP: 2
6 54 64 68 87 89 #SUP: 2
54 64 68 87 89 122 #SUP: 2
6 54 64 68 87 89 122 #SUP: 2
64 83 87 89 #SUP: 2
6 64 83 87 89 #SUP: 2
64 83 87 89 122 #SUP: 2
6 64 83 87 89 122 #SUP: 2
54 64 83 87 89 #SUP: 2
6 54 64 83 87 89 #SUP: 2
54 64 83 87 89 122 #SUP: 2
6 54 64 83 87 89 122 #SUP: 2
64 68 83 87 89 #SUP: 2
6 64 68 83 87 89 #SUP: 2
64 68 83 87 89 122 #SUP: 2
6 64 68 83 87 89 122 #SUP: 2
54 64 68 83 87 89 #SUP: 2
6 54 64 68 83 87 89 #SUP: 2
54 64 68 83 87 89 122 #SUP: 2
6 54 64 68 83 87 89 122 #SUP: 2
64 138 #SUP: 2
6 64 138 #SUP: 2
64 122 138 #SUP: 2
6 64 122 138 #SUP: 2
54 64 138 #SUP: 2
6 54 64 138 #SUP: 2
54 64 122 138 #SUP: 2
6 54 64 122 138 #SUP: 2
64 68 138 #SUP: 2
6 64 68 138 #SUP: 2
64 68 122 138 #SUP: 2
6 64 68 122 138 #SUP: 2
54 64 68 138 #SUP: 2
6 54 64 68 138 #SUP: 2
54 64 68 122 138 #SUP: 2
6 54 64 68 122 138 #SUP: 2
64 83 138 #SUP: 2
6 64 83 138 #SUP: 2
64 83 122 138 #SUP: 2
6 64 83 122 138 #SUP: 2
54 64 83 138 #SUP: 2
6 54 64 83 138 #SUP: 2
54 64 83 122 138 #SUP: 2
6 54 64 83 122 138 #SUP: 2
64 68 83 138 #SUP: 2
6 64 68 83 138 #SUP: 2
64 68 83 122 138 #SUP: 2
6 64 68 83 122 138 #SUP: 2
54 64 68 83 138 #SUP: 2
6 54 64 68 83 138 #SUP: 2
54 64 68 83 122 138 #SUP: 2
6 54 64 68 83 122 138 #SUP: 2
64 87 138 #SUP: 2
6 64 87 138 #SUP: 2
64 87 122 138 #SUP: 2
6 64 87 122 138 #SUP: 2
54 64 87 138 #SUP: 2
6 54 64 87 138 #SUP: 2
54 64 87 122 138 #SUP: 2
6 54 64 87 122 138 #SUP: 2
64 68 87 138 #SUP: 2
6 64 68 87 138 #SUP: 2
64 68 87 122 138 #SUP: 2
6 64 68 87 122 138 #SUP: 2
54 64 68 87 138 #SUP: 2
6 54 64 68 87 138 #SUP: 2
54 64 68 87 122 138 #SUP: 2
6 54 64 68 87 122 138 #SUP: 2
64 83 87 138 #SUP: 2
6 64 83 87 138 #SUP: 2
64 83 87 122 138 #SUP: 2
6 64 83 87 122 138 #SUP: 2
54 64 83 87 138 #SUP: 2
6 54 64 83 87 138 #SUP: 2
54 64 83 87 122 138 #SUP: 2
6 54 64 83 87 122 138 #SUP: 2
64 68 83 87 138 #SUP: 2
6 64 68 83 87 138 #SUP: 2
64 68 83 87 122 138 #SUP: 2
6 64 68 83 87 122 138 #SUP: 2
54 64 68 83 87 138 #SUP: 2
6 54 64 68 83 87 138 #SUP: 2
54 64 68 83 87 122 138 #SUP: 2
6 54 64 68 83 87 122 138 #SUP: 2
64 89 138 #SUP: 2
6 64 89 138 #SUP: 2
64 89 122 138 #SUP: 2
6 64 89 122 138 #SUP: 2
54 64 89 138 #SUP: 2
6 54 64 89 138 #SUP: 2
54 64 89 122 138 #SUP: 2
6 54 64 89 122 138 #SUP: 2
64 68 89 138 #SUP: 2
6 64 68 89 138 #SUP: 2
64 68 89 122 138 #SUP: 2
6 64 68 89 122 138 #SUP: 2
54 64 68 89 138 #SUP: 2
6 54 64 68 89 138 #SUP: 2
54 64 68 89 122 138 #SUP: 2
6 54 64 68 89 122 138 #SUP: 2
64 83 89 138 #SUP: 2
6 64 83 89 138 #SUP: 2
64 83 89 122 138 #SUP: 2
6 64 83 89 122 138 #SUP: 2
54 64 83 89 138 #SUP: 2
6 54 64 83 89 138 #SUP: 2
54 64 83 89 122 138 #SUP: 2
6 54 64 83 89 122 138 #SUP: 2
64 68 83 89 138 #SUP: 2
6 64 68 83 89 138 #SUP: 2
64 68 83 89 122 138 #SUP: 2
6 64 68 83 89 122 138 #SUP: 2
54 64 68 83 89 138 #SUP: 2
6 54 64 68 83 89 138 #SUP: 2
54 64 68 83 89 122 138 #SUP: 2
6 54 64 68 83 89 122 138 #SUP: 2
64 87 89 138 #SUP: 2
6 64 87 89 138 #SUP: 2
64 87 89 122 138 #SUP: 2
6 64 87 89 122 138 #SUP: 2
54 64 87 89 138 #SUP: 2
6 54 64 87 89 138 #SUP: 2
54 64 87 89 122 138 #SUP: 2
6 54 64 87 89 122 138 #SUP: 2
64 68 87 89 138 #SUP: 2
6 64 68 87 89 138 #SUP: 2
64 68 87 89 122 138 #SUP: 2
6 64 68 87 89 122 138 #SUP: 2
54 64 68 87 89 138 #SUP: 2
6 54 64 68 87 89 138 #SUP: 2
54 64 68 87 89 122 138 #SUP: 2
6 54 64 68 87 89 122 138 #SUP: 2
64 83 87 89 138 #SUP: 2
6 64 83 87 89 138 #SUP: 2
64 83 87 89 122 138 #SUP: 2
6 64 83 87 89 122 138 #SUP: 2
54 64 83 87 89 138 #SUP: 2
6 54 64 83 87 89 138 #SUP: 2
54 64 83 87 89 122 138 #SUP: 2
6 54 64 83 87 89 122 138 #SUP: 2
64 68 83 87 89 138 #SUP: 2
6 64 68 83 87 89 138 #SUP: 2
64 68 83 87 89 122 138 #SUP: 2
6 64 68 83 87 89 122 138 #SUP: 2
54 64 68 83 87 89 138 #SUP: 2
6 54 64 68 83 87 89 138 #SUP: 2
54 64 68 83 87 89 122 138 #SUP: 2
6 54 64 68 83 87 89 122 138 #SUP: 2
11 64 #SUP: 2
6 11 64 #SUP: 2
11 64 122 #SUP: 2
6 11 64 122 #SUP: 2
11 54 64 #SUP: 2
6 11 54 64 #SUP: 2
11 54 64 122 #SUP: 2
6 11 54 64 122 #SUP: 2
11 64 68 #SUP: 2
6 11 64 68 #SUP: 2
11 64 68 122 #SUP: 2
6 11 64 68 122 #SUP: 2
11 54 64 68 #SUP: 2
6 11 54 64 68 #SUP: 2
11 54 64 68 122 #SUP: 2
6 11 54 64 68 122 #SUP: 2
11 64 83 #SUP: 2
6 11 64 83 #SUP: 2
11 64 83 122 #SUP: 2
6 11 64 83 122 #SUP: 2
11 54 64 83 #SUP: 2
6 11 54 64 83 #SUP: 2
11 54 64 83 122 #SUP: 2
6 11 54 64 83 122 #SUP: 2
11 64 68 83 #SUP: 2
6 11 64 68 83 #SUP: 2
11 64 68 83 122 #SUP: 2
6 11 64 68 83 122 #SUP: 2
11 54 64 68 83 #SUP: 2
6 11 54 64 68 83 #SUP: 2
11 54 64 68 83 122 #SUP: 2
6 11 54 64 68 83 122 #SUP: 2
11 64 87 #SUP: 2
6 11 64 87 #SUP: 2
11 64 87 122 #SUP: 2
6 11 64 87 122 #SUP: 2
11 54 64 87 #SUP: 2
6 11 54 64 87 #SUP: 2
11 54 64 87 122 #SUP: 2
6 11 54 64 87 122 #SUP: 2
11 64 68 87 #SUP: 2
6 11 64 68 87 #SUP: 2
11 64 68 87 122 #SUP: 2
6 11 64 68 87 122 #SUP: 2
11 54 64 68 87 #SUP: 2
6 11 54 64 68 87 #SUP: 2
11 54 64 68 87 122 #SUP: 2
6 11 54 64 68 87 122 #SUP: 2
11 64 83 87 #SUP: 2
6 11 64 83 87 #SUP: 2
11 64 83 87 122 #SUP: 2
6 11 64 83 87 122 #SUP: 2
11 54 64 83 87 #SUP: 2
6 11 54 64 83 87 #SUP: 2
11 54 64 83 87 122 #SUP: 2
6 11 54 64 83 87 122 #SUP: 2
11 64 68 83 87 #SUP: 2
6 11 64 68 83 87 #SUP: 2
11 64 68 83 87 122 #SUP: 2
6 11 64 68 83 87 122 #SUP: 2
11 54 64 68 83 87 #SUP: 2
6 11 54 64 68 83 87 #SUP: 2
11 54 64 68 83 87 122 #SUP: 2
6 11 54 64 68 83 87 122 #SUP: 2
11 64 89 #SUP: 2
6 11 64 89 #SUP: 2
11 64 89 122 #SUP: 2
6 11 64 89 122 #SUP: 2
11 54 64 89 #SUP: 2
6 11 54 64 89 #SUP: 2
11 54 64 89 122 #SUP: 2
6 11 54 64 89 122 #SUP: 2
11 64 68 89 #SUP: 2
6 11 64 68 89 #SUP: 2
11 64 68 89 122 #SUP: 2
6 11 64 68 89 122 #SUP: 2
11 54 64 68 89 #SUP: 2
6 11 54 64 68 89 #SUP: 2
11 54 64 68 89 122 #SUP: 2
6 11 54 64 68 89 122 #SUP: 2
11 64 83 89 #SUP: 2
6 11 64 83 89 #SUP: 2
11 64 83 89 122 #SUP: 2
6 11 64 83 89 122 #SUP: 2
11 54 64 83 89 #SUP: 2
6 11 54 64 83 89 #SUP: 2
11 54 64 83 89 122 #SUP: 2
6 11 54 64 83 89 122 #SUP: 2
11 64 68 83 89 #SUP: 2
6 11 64 68 83 89 #SUP: 2
11 64 68 83 89 122 #SUP: 2
6 11 64 68 83 89 122 #SUP: 2
11 54 64 68 83 89 #SUP: 2
6 11 54 64 68 83 89 #SUP: 2
11 54 64 68 83 89 122 #SUP: 2
6 11 54 64 68 83 89 122 #SUP: 2
11 64 87 89 #SUP: 2
6 11 64 87 89 #SUP: 2
11 64 87 89 122 #SUP: 2
6 11 64 87 89 122 #SUP: 2
11 54 64 87 89 #SUP: 2
6 11 54 64 87 89 #SUP: 2
11 54 64 87 89 122 #SUP: 2
6 11 54 64 87 89 122 #SUP: 2
11 64 68 87 89 #SUP: 2
6 11 64 68 87 89 #SUP: 2
11 64 68 87 89 122 #SUP: 2
6 11 64 68 87 89 122 #SUP: 2
11 54 64 68 87 89 #SUP: 2
6 11 54 64 68 87 89 #SUP: 2
11 54 64 68 87 89 122 #SUP: 2
6 11 54 64 68 87 89 122 #SUP: 2
11 64 83 87 89 #SUP: 2
6 11 64 83 87 89 #SUP: 2
11 64 83 87 89 122 #SUP: 2
6 11 64 83 87 89 122 #SUP: 2
11 54 64 83 87 89 #SUP: 2
6 11 54 64 83 87 89 #SUP: 2
11 54 64 83 87 89 122 #SUP: 2
6 11 54 64 83 87 89 122 #SUP: 2
11 64 68 83 87 89 #SUP: 2
6 11 64 68 83 87 89 #SUP: 2
11 64 68 83 87 89 122 #SUP: 2
6 11 64 68 83 87 89 122 #SUP: 2
11 54 64 68 83 87 89 #SUP: 2
6 11 54 64 68 83 87 89 #SUP: 2
11 54 64 68 83 87 89 122 #SUP: 2
6 11 54 64 68 83 87 89 122 #SUP: 2
11 64 138 #SUP: 2
6 11 64 138 #SUP: 2
11 64 122 138 #SUP: 2
6 11 64 122 138 #SUP: 2
11 54 64 138 #SUP: 2
6 11 54 64 138 #SUP: 2
11 54 64 122 138 #SUP: 2
6 11 54 64 122 138 #SUP: 2
11 64 68 138 #SUP: 2
6 11 64 68 138 #SUP: 2
11 64 68 122 138 #SUP: 2
6 11 64 68 122 138 #SUP: 2
11 54 64 68 138 #SUP: 2
6 11 54 64 68 138 #SUP: 2
11 54 64 68 122 138 #SUP: 2
6 11 54 64 68 122 138 #SUP: 2
11 64 83 138 #SUP: 2
6 11 64 83 138 #SUP: 2
11 64 83 122 138 #SUP: 2
6 11 64 83 122 138 #SUP: 2
11 54 64 83 138 #SUP: 2
6 11 54 64 83 138 #SUP: 2
11 54 64 83 122 138 #SUP: 2
6 11 54 64 83 122 138 #SUP: 2
11 64 68 83 138 #SUP: 2
6 11 64 68 83 138 #SUP: 2
11 64 68 83 122 138 #SUP: 2
6 11 64 68 83 122 138 #SUP: 2
11 54 64 68 83 138 #SUP: 2
6 11 54 64 68 83 138 #SUP: 2
11 54 64 68 83 122 138 #SUP: 2
6 11 54 64 68 83 122 138 #SUP: 2
11 64 87 138 #SUP: 2
6 11 64 87 138 #SUP: 2
11 64 87 122 138 #SUP: 2
6 11 64 87 122 138 #SUP: 2
11 54 64 87 138 #SUP: 2
6 11 54 64 87 138 #SUP: 2
11 54 64 87 122 138 #SUP: 2
6 11 54 64 87 122 138 #SUP: 2
11 64 68 87 138 #SUP: 2
6 11 64 68 87 138 #SUP: 2
11 64 68 87 122 138 #SUP: 2
6 11 64 68 87 122 138 #SUP: 2
11 54 64 68 87 138 #SUP: 2
6 11 54 64 68 87 138 #SUP: 2
11 54 64 68 87 122 138 #SUP: 2
6 11 54 64 68 87 122 138 #SUP: 2
11 64 83 87 138 #SUP: 2
6 11 64 83 87 138 #SUP: 2
11 64 83 87 122 138 #SUP: 2
6 11 64 83 87 122 138 #SUP: 2
11 54 64 83 87 138 #SUP: 2
6 11 54 64 83 87 138 #SUP: 2
11 54 64 83 87 122 138 #SUP: 2
6 11 54 64 83 87 122 138 #SUP: 2
11 64 68 83 87 138 #SUP: 2
6 11 64 68 83 87 138 #SUP: 2
11 64 68 83 87 122 138 #SUP: 2
6 11 64 68 83 87 122 138 #SUP: 2
11 54 64 68 83 87 138 #SUP: 2
6 11 54 64 68 83 87 138 #SUP: 2
11 54 64 68 83 87 122 138 #SUP: 2
6 11 54 64 68 83 87 122 138 #SUP: 2
11 64 89 138 #SUP: 2
6 11 64 89 138 #SUP: 2
11 64 89 122 138 #SUP: 2
6 11 64 89 122 138 #SUP: 2
11 54 64 89 138 #SUP: 2
6 11 54 64 89 138 #SUP: 2
11 54 64 89 122 138 #SUP: 2
6 11 54 64 89 122 138 #SUP: 2
11 64 68 89 138 #SUP: 2
6 11 64 68 89 138 #SUP: 2
11 64 68 89 122 138 #SUP: 2
6 11 64 68 89 122 138 #SUP: 2
11 54 64 68 89 138 #SUP: 2
6 11 54 64 68 89 138 #SUP: 2
11 54 64 68 89 122 138 #SUP: 2
6 11 54 64 68 89 122 138 #SUP: 2
11 64 83 89 138 #SUP: 2
6 11 64 83 89 138 #SUP: 2
11 64 83 89 122 138 #SUP: 2
6 11 64 83 89 122 138 #SUP: 2
11 54 64 83 89 138 #SUP: 2
6 11 54 64 83 89 138 #SUP: 2
11 54 64 83 89 122 138 #SUP: 2
6 11 54 64 83 89 122 138 #SUP: 2
11 64 68 83 89 138 #SUP: 2
6 11 64 68 83 89 138 #SUP: 2
11 64 68 83 89 122 138 #SUP: 2
6 11 64 68 83 89 122 138 #SUP: 2
11 54 64 68 83 89 138 #SUP: 2
6 11 54 64 68 83 89 138 #SUP: 2
11 54 64 68 83 89 122 138 #SUP: 2
6 11 54 64 68 83 89 122 138 #SUP: 2
11 64 87 89 138 #SUP: 2
6 11 64 87 89 138 #SUP: 2
11 64 87 89 122 138 #SUP: 2
6 11 64 87 89 122 138 #SUP: 2
11 54 64 87 89 138 #SUP: 2
6 11 54 64 87 89 138 #SUP: 2
11 54 64 87 89 122 138 #SUP: 2
6 11 54 64 87 89 122 138 #SUP: 2
11 64 68 87 89 138 #SUP: 2
6 11 64 68 87 89 138 #SUP: 2
11 64 68 87 89 122 138 #SUP: 2
6 11 64 68 87 89 122 138 #SUP: 2
11 54 64 68 87 89 138 #SUP: 2
6 11 54 64 68 87 89 138 #SUP: 2
11 54 64 68 87 89 122 138 #SUP: 2
6 11 54 64 68 87 89 122 138 #SUP: 2
11 64 83 87 89 138 #SUP: 2
6 11 64 83 87 89 138 #SUP: 2
11 64 83 87 89 122 138 #SUP: 2
6 11 64 83 87 89 122 138 #SUP: 2
11 54 64 83 87 89 138 #SUP: 2
6 11 54 64 83 87 89 138 #SUP: 2
11 54 64 83 87 89 122 138 #SUP: 2
6 11 54 64 83 87 89 122 138 #SUP: 2
11 64 68 83 87 89 138 #SUP: 2
6 11 64 68 83 87 89 138 #SUP: 2
11 64 68 83 87 89 122 138 #SUP: 2
6 11 64 68 83 87 89 122 138 #SUP: 2
11 54 64 68 83 87 89 138 #SUP: 2
6 11 54 64 68 83 87 89 138 #SUP: 2
11 54 64 68 83 87 89 122 138 #SUP: 2
6 11 54 64 68 83 87 89 122 138 #SUP: 2
52 #SUP: 2
50 #SUP: 2
11 #SUP: 2
6 11 #SUP: 2
11 122 #SUP: 2
6 11 122 #SUP: 2
11 54 #SUP: 2
6 11 54 #SUP: 2
11 54 122 #SUP: 2
6 11 54 122 #SUP: 2
11 68 #SUP: 2
6 11 68 #SUP: 2
11 68 122 #SUP: 2
6 11 68 122 #SUP: 2
11 54 68 #SUP: 2
6 11 54 68 #SUP: 2
11 54 68 122 #SUP: 2
6 11 54 68 122 #SUP: 2
11 83 #SUP: 2
6 11 83 #SUP: 2
11 83 122 #SUP: 2
6 11 83 122 #SUP: 2
11 54 83 #SUP: 2
6 11 54 83 #SUP: 2
11 54 83 122 #SUP: 2
6 11 54 83 122 #SUP: 2
11 68 83 #SUP: 2
6 11 68 83 #SUP: 2
11 68 83 122 #SUP: 2
6 11 68 83 122 #SUP: 2
11 54 68 83 #SUP: 2
6 11 54 68 83 #SUP: 2
11 54 68 83 122 #SUP: 2
6 11 54 68 83 122 #SUP: 2
11 87 #SUP: 2
6 11 87 #SUP: 2
11 87 122 #SUP: 2
6 11 87 122 #SUP: 2
11 54 87 #SUP: 2
6 11 54 87 #SUP: 2
11 54 87 122 #SUP: 2
6 11 54 87 122 #SUP: 2
11 68 87 #SUP: 2
6 11 68 87 #SUP: 2
11 68 87 122 #SUP: 2
6 11 68 87 122 #SUP: 2
11 54 68 87 #SUP: 2
6 11 54 68 87 #SUP: 2
11 54 68 87 122 #SUP: 2
6 11 54 68 87 122 #SUP: 2
11 83 87 #SUP: 2
6 11 83 87 #SUP: 2
11 83 87 122 #SUP: 2
6 11 83 87 122 #SUP: 2
11 54 83 87 #SUP: 2
6 11 54 83 87 #SUP: 2
11 54 83 87 122 #SUP: 2
6 11 54 83 87 122 #SUP: 2
11 68 83 87 #SUP: 2
6 11 68 83 87 #SUP: 2
11 68 83 87 122 #SUP: 2
6 11 68 83 87 122 #SUP: 2
11 54 68 83 87 #SUP: 2
6 11 54 68 83 87 #SUP: 2
11 54 68 83 87 122 #SUP: 2
6 11 54 68 83 87 122 #SUP: 2
11 89 #SUP: 2
6 11 89 #SUP: 2
11 89 122 #SUP: 2
6 11 89 122 #SUP: 2
11 54 89 #SUP: 2
6 11 54 89 #SUP: 2
11 54 89 122 #SUP: 2
6 11 54 89 122 #SUP: 2
11 68 89 #SUP: 2
6 11 68 89 #SUP: 2
11 68 89 122 #SUP: 2
6 11 68 89 122 #SUP: 2
11 54 68 89 #SUP: 2
6 11 54 68 89 #SUP: 2
11 54 68 89 122 #SUP: 2
6 11 54 68 89 122 #SUP: 2
11 83 89 #SUP: 2
6 11 83 89 #SUP: 2
11 83 89 122 #SUP: 2
6 11 83 89 122 #SUP: 2
11 54 83 89 #SUP: 2
6 11 54 83 89 #SUP: 2
11 54 83 89 122 #SUP: 2
6 11 54 83 89 122 #SUP: 2
11 68 83 89 #SUP: 2
6 11 68 83 89 #SUP: 2
11 68 83 89 122 #SUP: 2
6 11 68 83 89 122 #SUP: 2
11 54 68 83 89 #SUP: 2
6 11 54 68 83 89 #SUP: 2
11 54 68 83 89 122 #SUP: 2
6 11 54 68 83 89 122 #SUP: 2
11 87 89 #SUP: 2
6 11 87 89 #SUP: 2
11 87 89 122 #SUP: 2
6 11 87 89 122 #SUP: 2
11 54 87 89 #SUP: 2
6 11 54 87 89 #SUP: 2
11 54 87 89 122 #SUP: 2
6 11 54 87 89 122 #SUP: 2
11 68 87 89 #SUP: 2
6 11 68 87 89 #SUP: 2
11 68 87 89 122 #SUP: 2
6 11 68 87 89 122 #SUP: 2
11 54 68 87 89 #SUP: 2
6 11 54 68 87 89 #SUP: 2
11 54 68 87 89 122 #SUP: 2
6 11 54 68 87 89 122 #SUP: 2
11 83 87 89 #SUP: 2
6 11 83 87 89 #SUP: 2
11 83 87 89 122 #SUP: 2
6 11 83 87 89 122 #SUP: 2
11 54 83 87 89 #SUP: 2
6 11 54 83 87 89 #SUP: 2
11 54 83 87 89 122 #SUP: 2
6 11 54 83 87 89 122 #SUP: 2
11 68 83 87 89 #SUP: 2
6 11 68 83 87 89 #SUP: 2
11 68 83 87 89 122 #SUP: 2
6 11 68 83 87 89 122 #SUP: 2
11 54 68 83 87 89 #SUP: 2
6 11 54 68 83 87 89 #SUP: 2
11 54 68 83 87 89 122 #SUP: 2
6 11 54 68 83 87 89 122 #SUP: 2
11 138 #SUP: 2
6 11 138 #SUP: 2
11 122 138 #SUP: 2
6 11 122 138 #SUP: 2
11 54 138 #SUP: 2
6 11 54 138 #SUP: 2
11 54 122 138 #SUP: 2
6 11 54 122 138 #SUP: 2
11 68 138 #SUP: 2
6 11 68 138 #SUP: 2
11 68 122 138 #SUP: 2
6 11 68 122 138 #SUP: 2
11 54 68 138 #SUP: 2
6 11 54 68 138 #SUP: 2
11 54 68 122 138 #SUP: 2
6 11 54 68 122 138 #SUP: 2
11 83 138 #SUP: 2
6 11 83 138 #SUP: 2
11 83 122 138 #SUP: 2
6 11 83 122 138 #SUP: 2
11 54 83 138 #SUP: 2
6 11 54 83 138 #SUP: 2
11 54 83 122 138 #SUP: 2
6 11 54 83 122 138 #SUP: 2
11 68 83 138 #SUP: 2
6 11 68 83 138 #SUP: 2
11 68 83 122 138 #SUP: 2
6 11 68 83 122 138 #SUP: 2
11 54 68 83 138 #SUP: 2
6 11 54 68 83 138 #SUP: 2
11 54 68 83 122 138 #SUP: 2
6 11 54 68 83 122 138 #SUP: 2
11 87 138 #SUP: 2
6 11 87 138 #SUP: 2
11 87 122 138 #SUP: 2
6 11 87 122 138 #SUP: 2
11 54 87 138 #SUP: 2
6 11 54 87 138 #SUP: 2
11 54 87 122 138 #SUP: 2
6 11 54 87 122 138 #SUP: 2
11 68 87 138 #SUP: 2
6 11 68 87 138 #SUP: 2
11 68 87 122 138 #SUP: 2
6 11 68 87 122 138 #SUP: 2
11 54 68 87 138 #SUP: 2
6 11 54 68 87 138 #SUP: 2
11 54 68 87 122 138 #SUP: 2
6 11 54 68 87 122 138 #SUP: 2
11 83 87 138 #SUP: 2
6 11 83 87 138 #SUP: 2
11 83 87 122 138 #SUP: 2
6 11 83 87 122 138 #SUP: 2
11 54 83 87 138 #SUP: 2
6 11 54 83 87 138 #SUP: 2
11 54 83 87 122 138 #SUP: 2
6 11 54 83 87 122 138 #SUP: 2
11 68 83 87 138 #SUP: 2
6 11 68 83 87 138 #SUP: 2
11 68 83 87 122 138 #SUP: 2
6 11 68 83 87 122 138 #SUP: 2
11 54 68 83 87 138 #SUP: 2
6 11 54 68 83 87 138 #SUP: 2
11 54 68 83 87 122 138 #SUP: 2
6 11 54 68 83 87 122 138 #SUP: 2
11 89 138 #SUP: 2
6 11 89 138 #SUP: 2
11 89 122 138 #SUP: 2
6 11 89 122 138 #SUP: 2
11 54 89 138 #SUP: 2
6 11 54 89 138 #SUP: 2
11 54 89 122 138 #SUP: 2
6 11 54 89 122 138 #SUP: 2
11 68 89 138 #SUP: 2
6 11 68 89 138 #SUP: 2
11 68 89 122 138 #SUP: 2
6 11 68 89 122 138 #SUP: 2
11 54 68 89 138 #SUP: 2
6 11 54 68 89 138 #SUP: 2
11 54 68 89 122 138 #SUP: 2
6 11 54 68 89 122 138 #SUP: 2
11 83 89 138 #SUP: 2
6 11 83 89 138 #SUP: 2
11 83 89 122 138 #SUP: 2
6 11 83 89 122 138 #SUP: 2
11 54 83 89 138 #SUP: 2
6 11 54 83 89 138 #SUP: 2
11 54 83 89 122 138 #SUP: 2
6 11 54 83 89 122 138 #SUP: 2
11 68 83 89 138 #SUP: 2
6 11 68 83 89 138 #SUP: 2
11 68 83 89 122 138 #SUP: 2
6 11 68 83 89 122 138 #SUP: 2
11 54 68 83 89 138 #SUP: 2
6 11 54 68 83 89 138 #SUP: 2
11 54 68 83 89 122 138 #SUP: 2
6 11 54 68 83 89 122 138 #SUP: 2
11 87 89 138 #SUP: 2
6 11 87 89 138 #SUP: 2
11 87 89 122 138 #SUP: 2
6 11 87 89 122 138 #SUP: 2
11 54 87 89 138 #SUP: 2
6 11 54 87 89 138 #SUP: 2
11 54 87 89 122 138 #SUP: 2
6 11 54 87 89 122 138 #SUP: 2
11 68 87 89 138 #SUP: 2
6 11 68 87 89 138 #SUP: 2
11 68 87 89 122 138 #SUP: 2
6 11 68 87 89 122 138 #SUP: 2
11 54 68 87 89 138 #SUP: 2
6 11 54 68 87 89 138 #SUP: 2
11 54 68 87 89 122 138 #SUP: 2
6 11 54 68 87 89 122 138 #SUP: 2
11 83 87 89 138 #SUP: 2
6 11 83 87 89 138 #SUP: 2
11 83 87 89 122 138 #SUP: 2
6 11 83 87 89 122 138 #SUP: 2
11 54 83 87 89 138 #SUP: 2
6 11 54 83 87 89 138 #SUP: 2
11 54 83 87 89 122 138 #SUP: 2
6 11 54 83 87 89 122 138 #SUP: 2
11 68 83 87 89 138 #SUP: 2
6 11 68 83 87 89 138 #SUP: 2
11 68 83 87 89 122 138 #SUP: 2
6 11 68 83 87 89 122 138 #SUP: 2
11 54 68 83 87 89 138 #SUP: 2
6 11 54 68 83 87 89 138 #SUP: 2
11 54 68 83 87 89 122 138 #SUP: 2
6 11 54 68 83 87 89 122 138 #SUP: 2
138 #SUP: 3
122 138 #SUP: 2
6 122 138 #SUP: 2
89 138 #SUP: 2
6 89 138 #SUP: 2
89 122 138 #SUP: 2
6 89 122 138 #SUP: 2
54 89 138 #SUP: 2
6 54 89 138 #SUP: 2
54 89 122 138 #SUP: 2
6 54 89 122 138 #SUP: 2
68 89 138 #SUP: 2
6 68 89 138 #SUP: 2
68 89 122 138 #SUP: 2
6 68 89 122 138 #SUP: 2
54 68 89 138 #SUP: 2
6 54 68 89 138 #SUP: 2
54 68 89 122 138 #SUP: 2
6 54 68 89 122 138 #SUP: 2
83 89 138 #SUP: 2
6 83 89 138 #SUP: 2
83 89 122 138 #SUP: 2
6 83 89 122 138 #SUP: 2
54 83 89 138 #SUP: 2
6 54 83 89 138 #SUP: 2
54 83 89 122 138 #SUP: 2
6 54 83 89 122 138 #SUP: 2
68 83 89 138 #SUP: 2
6 68 83 89 138 #SUP: 2
68 83 89 122 138 #SUP: 2
6 68 83 89 122 138 #SUP: 2
54 68 83 89 138 #SUP: 2
6 54 68 83 89 138 #SUP: 2
54 68 83 89 122 138 #SUP: 2
6 54 68 83 89 122 138 #SUP: 2
87 89 138 #SUP: 2
6 87 89 138 #SUP: 2
87 89 122 138 #SUP: 2
6 87 89 122 138 #SUP: 2
54 87 89 138 #SUP: 2
6 54 87 89 138 #SUP: 2
54 87 89 122 138 #SUP: 2
6 54 87 89 122 138 #SUP: 2
68 87 89 138 #SUP: 2
6 68 87 89 138 #SUP: 2
68 87 89 122 138 #SUP: 2
6 68 87 89 122 138 #SUP: 2
54 68 87 89 138 #SUP: 2
6 54 68 87 89 138 #SUP: 2
54 68 87 89 122 138 #SUP: 2
6 54 68 87 89 122 138 #SUP: 2
83 87 89 138 #SUP: 2
6 83 87 89 138 #SUP: 2
83 87 89 122 138 #SUP: 2
6 83 87 89 122 138 #SUP: 2
54 83 87 89 138 #SUP: 2
6 54 83 87 89 138 #SUP: 2
54 83 87 89 122 138 #SUP: 2
6 54 83 87 89 122 138 #SUP: 2
68 83 87 89 138 #SUP: 2
6 68 83 87 89 138 #SUP: 2
68 83 87 89 122 138 #SUP: 2
6 68 83 87 89 122 138 #SUP: 2
54 68 83 87 89 138 #SUP: 2
6 54 68 83 87 89 138 #SUP: 2
54 68 83 87 89 122 138 #SUP: 2
6 54 68 83 87 89 122 138 #SUP: 2
87 138 #SUP: 2
6 87 138 #SUP: 2
87 122 138 #SUP: 2
6 87 122 138 #SUP: 2
54 87 138 #SUP: 2
6 54 87 138 #SUP: 2
54 87 122 138 #SUP: 2
6 54 87 122 138 #SUP: 2
68 87 138 #SUP: 2
6 68 87 138 #SUP: 2
68 87 122 138 #SUP: 2
6 68 87 122 138 #SUP: 2
54 68 87 138 #SUP: 2
6 54 68 87 138 #SUP: 2
54 68 87 122 138 #SUP: 2
6 54 68 87 122 138 #SUP: 2
83 87 138 #SUP: 2
6 83 87 138 #SUP: 2
83 87 122 138 #SUP: 2
6 83 87 122 138 #SUP: 2
54 83 87 138 #SUP: 2
6 54 83 87 138 #SUP: 2
54 83 87 122 138 #SUP: 2
6 54 83 87 122 138 #SUP: 2
68 83 87 138 #SUP: 2
6 68 83 87 138 #SUP: 2
68 83 87 122 138 #SUP: 2
6 68 83 87 122 138 #SUP: 2
54 68 83 87 138 #SUP: 2
6 54 68 83 87 138 #SUP: 2
54 68 83 87 122 138 #SUP: 2
6 54 68 83 87 122 138 #SUP: 2
83 138 #SUP: 2
6 83 138 #SUP: 2
83 122 138 #SUP: 2
6 83 122 138 #SUP: 2
54 83 138 #SUP: 2
6 54 83 138 #SUP: 2
54 83 122 138 #SUP: 2
6 54 83 122 138 #SUP: 2
68 83 138 #SUP: 2
6 68 83 138 #SUP: 2
68 83 122 138 #SUP: 2
6 68 83 122 138 #SUP: 2
54 68 83 138 #SUP: 2
6 54 68 83 138 #SUP: 2
54 68 83 122 138 #SUP: 2
6 54 68 83 122 138 #SUP: 2
68 138 #SUP: 2
6 68 138 #SUP: 2
68 122 138 #SUP: 2
6 68 122 138 #SUP: 2
54 68 138 #SUP: 2
6 54 68 138 #SUP: 2
54 68 122 138 #SUP: 2
6 54 68 122 138 #SUP: 2
67 138 #SUP: 2
6 67 138 #SUP: 2
54 138 #SUP: 2
6 54 138 #SUP: 2
54 122 138 #SUP: 2
6 54 122 138 #SUP: 2
6 138 #SUP: 3
89 #SUP: 3
89 122 #SUP: 2
6 89 122 #SUP: 2
87 89 #SUP: 2
6 87 89 #SUP: 2
87 89 122 #SUP: 2
6 87 89 122 #SUP: 2
54 87 89 #SUP: 2
6 54 87 89 #SUP: 2
54 87 89 122 #SUP: 2
6 54 87 89 122 #SUP: 2
68 87 89 #SUP: 2
6 68 87 89 #SUP: 2
68 87 89 122 #SUP: 2
6 68 87 89 122 #SUP: 2
54 68 87 89 #SUP: 2
6 54 68 87 89 #SUP: 2
54 68 87 89 122 #SUP: 2
6 54 68 87 89 122 #SUP: 2
83 87 89 #SUP: 2
6 83 87 89 #SUP: 2
83 87 89 122 #SUP: 2
6 83 87 89 122 #SUP: 2
54 83 87 89 #SUP: 2
6 54 83 87 89 #SUP: 2
54 83 87 89 122 #SUP: 2
6 54 83 87 89 122 #SUP: 2
68 83 87 89 #SUP: 2
6 68 83 87 89 #SUP: 2
68 83 87 89 122 #SUP: 2
6 68 83 87 89 122 #SUP: 2
54 68 83 87 89 #SUP: 2
6 54 68 83 87 89 #SUP: 2
54 68 83 87 89 122 #SUP: 2
6 54 68 83 87 89 122 #SUP: 2
83 89 #SUP: 2
6 83 89 #SUP: 2
83 89 122 #SUP: 2
6 83 89 122 #SUP: 2
54 83 89 #SUP: 2
6 54 83 89 #SUP: 2
54 83 89 122 #SUP: 2
6 54 83 89 122 #SUP: 2
68 83 89 #SUP: 2
6 68 83 89 #SUP: 2
68 83 89 122 #SUP: 2
6 68 83 89 122 #SUP: 2
54 68 83 89 #SUP: 2
6 54 68 83 89 #SUP: 2
54 68 83 89 122 #SUP: 2
6 54 68 83 89 122 #SUP: 2
67 89 #SUP: 2
65 89 #SUP: 2
65 67 89 #SUP: 2
54 89 #SUP: 2
6 54 89 #SUP: 2
54 89 122 #SUP: 2
6 54 89 122 #SUP: 2
6 89 #SUP: 2
68 89 #SUP: 3
68 89 122 #SUP: 2
6 68 89 122 #SUP: 2
67 68 89 #SUP: 2
65 68 89 #SUP: 2
65 67 68 89 #SUP: 2
54 68 89 #SUP: 2
6 54 68 89 #SUP: 2
54 68 89 122 #SUP: 2
6 54 68 89 122 #SUP: 2
6 68 89 #SUP: 2
87 #SUP: 3
83 87 #SUP: 2
6 83 87 #SUP: 2
83 87 122 #SUP: 2
6 83 87 122 #SUP: 2
54 83 87 #SUP: 2
6 54 83 87 #SUP: 2
54 83 87 122 #SUP: 2
6 54 83 87 122 #SUP: 2
68 83 87 #SUP: 2
6 68 83 87 #SUP: 2
68 83 87 122 #SUP: 2
6 68 83 87 122 #SUP: 2
54 68 83 87 #SUP: 2
6 54 68 83 87 #SUP: 2
54 68 83 87 122 #SUP: 2
6 54 68 83 87 122 #SUP: 2
68 87 #SUP: 2
6 68 87 #SUP: 2
68 87 122 #SUP: 2
6 68 87 122 #SUP: 2
54 68 87 #SUP: 2
6 54 68 87 #SUP: 2
54 68 87 122 #SUP: 2
6 54 68 87 122 #SUP: 2
67 87 #SUP: 2
65 87 #SUP: 2
65 67 87 #SUP: 2
65 87 122 #SUP: 2
65 67 87 122 #SUP: 2
54 65 87 #SUP: 2
54 65 67 87 #SUP: 2
54 65 87 122 #SUP: 2
54 65 67 87 122 #SUP: 2
6 87 #SUP: 2
87 122 #SUP: 3
67 87 122 #SUP: 2
6 87 122 #SUP: 2
54 87 #SUP: 3
54 67 87 #SUP: 2
6 54 87 #SUP: 2
54 87 122 #SUP: 3
54 67 87 122 #SUP: 2
6 54 87 122 #SUP: 2
83 #SUP: 3
68 83 #SUP: 2
6 68 83 #SUP: 2
68 83 122 #SUP: 2
6 68 83 122 #SUP: 2
54 68 83 #SUP: 2
6 54 68 83 #SUP: 2
54 68 83 122 #SUP: 2
6 54 68 83 122 #SUP: 2
54 83 #SUP: 2
6 54 83 #SUP: 2
54 83 122 #SUP: 2
6 54 83 122 #SUP: 2
6 83 #SUP: 2
83 122 #SUP: 3
6 83 122 #SUP: 2
68 #SUP: 3
68 122 #SUP: 2
6 68 122 #SUP: 2
67 68 #SUP: 2
65 68 #SUP: 2
65 67 68 #SUP: 2
54 68 #SUP: 2
6 54 68 #SUP: 2
54 68 122 #SUP: 2
6 54 68 122 #SUP: 2
6 68 #SUP: 2
65 #SUP: 3
65 67 #SUP: 3
65 122 #SUP: 2
65 67 122 #SUP: 2
54 65 #SUP: 2
54 65 67 #SUP: 2
54 65 122 #SUP: 2
54 65 67 122 #SUP: 2
54 #SUP: 3
54 67 #SUP: 2
6 54 #SUP: 2
54 122 #SUP: 3
54 67 122 #SUP: 2
6 54 122 #SUP: 2
122 #SUP: 4
67 122 #SUP: 2
6 122 #SUP: 2
67 #SUP: 5
6 67 #SUP: 3
6 #SUP: 5
